NAME : ORTEC-VRPTW-ASYM-0bdff870-d1-n458-k35
COMMENT : ORTEC
TYPE : VRPTW
DIMENSION : 41
EDGE_WEIGHT_TYPE : EXPLICIT
VEHICLES : 2
EDGE_WEIGHT_FORMAT : FULL_MATRIX
CAPACITY : 600
EDGE_WEIGHT_SECTION
0	2520	2499	2692	2389	2519	2393	1204	1211	1704	1691	2339	2914	2871	1470	2092	2587	2962	2735	2064	2047	1166	2032	1569	747	5805	2003	2221	1808	3059	2276	1645	1618	1469	1844	2049	2880	897	1943	1957	2529	1349	888	2583	1331	1971	5429	1160	2090	630	1418	2448	1656	6155	1134	1502	1037	1783	298	2618	1632	2587	2162	2173	2013	1440	1502	3497	2254	301	1476	935	1967	1152	2022	1518	1625	3191	1875	2133	515	2062	2017	1684	2489	2016	5418	2209	1643	2422	1340	2657	5475	1805	1415	2069	1671	1703	1636	1634	2353	5451	2728	2844	1346	6552	1809	1883	1666	2434	3303	1331	1822	2231	2510	1368	1230	1325	2280	1694	2289	1815	1478	2440	3507	641	2305	2514	1049	6284	6091	1282	2093	2528	2606	1341	2466	2619	2270	1809	2182	2160	2129	2025	1658	1986	1992	1600	2213	1180	1798	1339	6575	2243	2541	2969	3056	1762	1307	2298	2331	1909	1209	1740	2271	2358	1477	1811	2520	1480	1941	1382	2276	1603	2373	2257	2576	1596	2013	2641	2179	2408	1831	1476	2792	2043	2037	2340	2329	1199	2279	2018	2008	1783	1548	5773	1957	959	2416	2464	2368	1668	1940	2060	2615	2517	1871	1951	2079	2080	1970	2301	1970	2007	1953	2203	2633	1981	1283	1255	1528	2253	1988	1989	1911	2003	2003	1274	2046	1212	2096	2100	2035	2072	1445	1398	2707	1447	3469	1769	958	2192	2173	2080	1299	2271	1753	2059	1079	1193	2075	2209	2233	2207	2328	2024	2172	2321	2192	1173	2036	2357	2349	947	2355	1226	1912	2382	2257	1165	2253	1970	2204	2194	1121	1121	1984	2079	2267	2196	2079	2427	1138	1989	998	2218	2303	1953	1980	1456	1123	2436	2397	808	901	1162	2329	1129	2189	1632	1297	2500	1744	2400	1201	1385	2244	2099	1862	2191	2260	1432	932	1350	1173	2133	2406	2389	1305	2970	1256	2067	2460	1474	1249	1818	2065	2388	1369	2556	1910	2159	2120	1394	1993	2579	1111	708	2273	2256	1747	1230	2560	2245	2341	2563	2226	1199	1234	2267	6068	1581	1331	1240	1362	1208	1365	1138	1738	1503	1919	6334	1193	1075	2672	1660	370	1232	1415	1438	2369	1698	1761	1961	1731	588	1183	897	933	760	1098	1779	2389	2308	1752	1451	1248	2582	1272	2597	2100	1107	1374	2008	5443	2313	1357	2295	821	1301	1903	1356	1071	2090	1250	841	1773	2234	832	2240	1685	2136	2322	1384	1812	2206	1295	1536	2143	1289	1036	2289	1301	1818	1126	1960	2244	1321	2620	1032	2358	1988	1508	1241	1218	1723	1263	2285	1991	2674	1295	2383	2612	1111	2066	2238	2330	2095	2405	2468	2487	1242	2279	1464	1338	2410	2347	1283	1074
2475	0	1538	1832	2271	1659	835	1967	1975	3179	3214	1479	2054	2011	2095	2015	1727	2102	1875	2058	2038	1565	1105	2996	2077	6104	1750	3877	1731	3363	1813	1735	2358	2233	2045	858	3123	2103	3417	2157	1870	2823	2544	1482	3064	2486	5728	1543	1249	2480	3039	3922	3152	6454	1654	2997	2887	2712	2368	2917	1402	1023	3819	3830	2247	2803	2865	2662	2529	2414	1505	2723	3462	2752	3496	3014	3120	3490	3398	1597	2422	2334	3491	3180	1658	2863	5717	1248	3138	1929	2863	2032	5774	3279	1374	2916	1743	3177	3110	3367	2664	5750	2527	3143	1608	6851	1442	3378	3162	1811	3549	1545	2335	3705	1851	2892	2726	1550	1922	1483	3764	1629	1591	1681	3769	2512	2630	1682	2572	6583	6390	3009	1244	1926	1136	1506	1560	1759	1634	1623	1322	3893	2123	3499	2280	846	3467	2660	751	2065	2036	2834	6874	1624	2048	3135	1729	3285	2831	3924	3816	3383	1493	1094	2314	1498	1756	1898	2134	1763	1405	2905	3933	1675	1512	2226	1716	3119	3487	1781	3912	1945	2741	1864	3096	2191	1152	2064	1449	1622	1565	2134	3483	1928	2911	6072	2033	1773	877	3939	250	983	1080	2645	2395	1047	774	1983	2129	1656	2062	2175	2713	2046	1268	3937	4108	1922	1837	1757	2891	3727	3721	1879	877	1899	1899	1440	2050	1753	1962	1958	1867	2024	1759	1550	4181	1718	2015	3292	2299	1955	3647	2017	2359	578	3116	2197	1849	1664	3549	3697	2248	2472	2372	1771	3659	2366	3888	2100	1783	280	2275	1760	2427	1853	3275	4008	399	1907	1866	3634	1708	2335	1861	1861	1135	1990	1880	2343	1990	957	2198	683	2472	3742	2193	3386	3413	1622	2598	2602	2608	2108	2202	1926	2576	1869	1727	2408	2061	1640	3268	2110	2227	2148	1707	2541	3595	3849	1574	1479	2066	1272	1559	1790	1573	2352	2069	3269	1325	2621	2021	2519	1780	3292	3740	1925	2357	2093	3384	3634	3853	2439	3727	2103	2174	2189	3741	3731	1361	2276	1945	3633	3815	1546	3636	2303	1621	2153	6367	2890	2854	1626	1748	1594	1752	2384	1053	2977	3442	6633	2238	2342	1108	3023	2414	2503	2777	2801	2066	1570	3494	2662	3464	2438	1549	2421	2457	2089	2593	3382	1926	3832	2796	1498	1822	1860	1318	1704	1848	2581	1745	2556	5742	1254	1727	1236	2052	2825	995	2646	2721	2354	2438	2552	3360	2112	2063	2255	3418	2383	2463	2808	3546	618	2658	1815	3203	3022	2336	2063	3035	3421	2491	3435	2519	1744	1953	2348	2412	777	1486	2604	2581	3307	1546	2610	3465	2600	2630	4040	2129	1972	3540	371	447	903	2615	789	2453	2666	2604	2960	2700	2734	201	2271	2498
2473	1522	0	847	1625	301	1279	1965	1973	3177	3213	833	1088	1026	2045	1311	773	1117	927	1354	1334	1564	2007	2995	2076	5458	1046	3876	2024	2717	1109	1939	2356	2231	2249	818	2477	2101	3416	2361	1224	2821	2542	278	3062	2690	5082	1541	1013	2478	3037	3920	3150	5808	1652	2995	2885	2806	2366	2271	1400	1046	3817	3828	1542	2801	2863	1787	1883	2412	1503	2721	3460	2750	3494	3012	3118	2844	3397	892	2421	1629	3489	3178	934	2222	5071	519	3136	1283	2862	1386	5128	3278	1372	2275	1741	3176	3108	3365	2018	5104	1881	2497	1606	6205	1440	3376	3160	1165	2903	1543	1631	3703	1205	2890	2724	1549	1218	1955	3762	1628	1590	1081	3123	2510	1984	1082	2571	5937	5744	3008	989	1280	654	1505	961	774	1030	1621	702	3891	1418	3497	1576	829	3465	2456	1064	2084	1331	2832	6228	1002	1402	2489	2227	3283	2829	3922	3814	3381	1492	1339	1668	924	1754	1194	1488	1761	1461	2903	3932	1674	500	1580	1070	3117	3486	1016	3910	1241	2264	1897	2450	1487	773	1418	987	1621	1185	1430	3481	1223	2909	5426	1328	1772	1780	3937	1435	1039	745	1999	1749	600	1134	1278	1425	1419	1297	1529	2033	1342	1324	3935	4106	1217	1835	1755	2889	3726	3719	1174	1174	1195	1195	1438	1345	1751	1258	1253	1163	1320	1757	1549	4179	1716	2085	3291	2297	1250	3645	1312	2263	1127	3114	1492	1847	1662	3547	3695	1602	1826	1756	1066	3657	1750	3886	2099	1078	1297	1629	1758	1781	1851	3273	4006	1213	1906	1161	3632	1060	1689	1859	1859	936	1285	1175	1697	1285	870	2196	1252	2471	3740	1488	3384	3411	1621	2596	1956	1962	2107	2200	1924	1930	1867	1022	2655	2059	886	3266	1406	2225	2147	1003	1895	3594	3847	1021	1477	2064	1270	1557	1086	973	1706	2067	2623	1323	1975	1316	2517	1778	3291	3738	1221	2355	1389	3382	3632	3851	2437	3725	1461	2172	2187	3739	3729	1436	2274	1299	3631	3814	598	3634	2301	1619	1448	5721	2889	2853	1624	1747	1593	1750	2382	1109	2975	3441	5987	2236	2340	1080	3021	2412	2502	2776	2799	1420	1569	3493	2016	3462	2436	1547	2419	2455	2088	2591	3380	1222	3830	2418	1496	1820	1214	1316	691	1143	2579	1743	1910	5096	1204	1726	1185	2050	2823	1161	2644	2720	1708	2436	2550	3358	1466	2061	1609	3417	1737	1817	2806	3544	1196	2656	1813	2667	3020	2335	1417	3033	3419	2489	3433	1873	1743	1307	2346	1766	824	1485	2602	2579	3305	1544	1964	3463	1954	2628	4038	1483	1970	3538	1194	1299	864	1969	1072	1807	2665	1958	2958	2699	2088	1386	2269	2496
2721	1873	850	0	1413	722	1693	2214	2222	3425	3461	621	377	429	2293	1410	242	406	407	1422	1433	1812	2255	3243	2324	5247	1145	4124	2272	2506	1040	2187	2604	2479	2497	1189	2266	2349	3664	2609	1029	3069	2790	1125	3311	2938	4871	1789	1273	2726	3285	4169	3398	5596	1900	3244	3134	3055	2615	2060	1648	1805	4065	4076	1644	3049	3111	1166	1672	2660	1752	2970	3709	2998	3743	3260	3367	2633	3645	991	2669	1615	3737	3426	939	2011	4860	1293	3385	1072	3110	1114	4916	3526	1620	2064	1990	3424	3356	3614	1806	4893	1670	2286	1855	5993	1688	3625	3408	953	2660	1791	1730	3951	992	3138	2972	1797	1238	2204	4010	1876	1838	1317	2757	2758	1773	1318	2819	5725	5532	3256	1250	1002	1462	1753	1197	121	1129	1870	891	4139	1487	3746	1675	1125	3713	2245	1513	2183	1430	3081	6017	1101	1190	2277	2910	3531	3077	4170	4063	3629	1740	1588	1456	1160	2002	1293	1277	2009	1689	3151	4180	1922	709	1369	769	3365	3734	285	4158	1236	2053	2145	2238	1571	1120	1207	1223	1869	1284	1523	3729	1322	3157	5215	1427	2020	2034	4185	1784	1287	918	1788	1538	1447	1382	1377	1493	1518	1396	1317	1856	1453	1552	4183	4354	1316	2083	2003	3137	3974	3968	1273	1423	1294	1294	1686	1414	1999	1356	1352	1262	1388	2006	1797	4428	1964	2768	3539	2545	1344	3894	1380	2362	1466	3363	1560	2095	1911	3796	3943	1390	1615	1515	1165	3905	1508	4135	2347	1177	1647	1418	2007	1570	2100	3522	4254	1557	2154	1184	3880	1159	1478	2108	2108	1185	1384	1198	1485	1384	1629	2462	1500	2719	3988	1296	3632	3659	1869	2844	1745	1751	2355	2449	2172	1719	2115	1070	2904	2307	258	3514	1339	2468	2395	1102	1683	3842	4095	1214	1726	2313	1518	1806	1185	1209	1495	2315	2411	1571	1763	1250	2765	2026	3539	3986	1040	2604	1152	3630	3880	4100	2685	3973	1185	2420	2436	3988	3977	1685	2522	994	3880	4062	1446	3882	2550	1867	1481	5510	3137	3101	1872	1995	1841	1998	2630	1357	3223	3689	5776	2484	2589	1839	3269	2660	2750	3024	3047	1209	1817	3741	1805	3711	2685	1796	2667	2703	2336	2840	3628	1156	4078	2207	1744	2068	878	1565	859	1242	2828	1992	1699	4885	1452	1974	1434	2298	3071	1422	2892	2968	1497	2685	2798	3606	1254	2310	1397	3665	1525	1606	3054	3792	1536	2905	2061	2456	3269	2583	1206	3281	3667	2737	3681	1662	1991	1001	2595	1555	1127	1733	2851	2828	3553	1792	1753	3711	1743	2876	4287	1271	2218	3786	1538	1638	1234	1758	1742	1596	2913	1746	3206	2947	1877	1735	2518	2744
2476	2279	1535	1347	0	1373	2099	2620	2628	3020	3041	962	1522	1527	2699	1568	1198	1380	1398	1475	1579	2239	2661	2743	2079	4306	1551	4047	2678	1565	1342	2593	3011	2885	2903	1595	1325	1972	3258	3015	1285	2664	2385	1722	3157	3344	3930	2217	1680	2371	3244	3763	2993	4656	2238	2838	2727	3344	2404	1119	2054	2293	3808	3819	1340	3001	3063	1811	783	2506	2158	2564	3303	2593	3337	2855	2961	1692	3225	1397	2540	1261	3332	3021	1297	1372	3919	1699	2979	723	2690	987	3976	3120	2026	1425	2396	3018	2951	3460	866	3952	511	1345	2261	5053	2094	3219	3003	1280	1439	2162	1437	3546	1276	2719	2567	2203	1398	2610	3605	2282	2244	1723	1660	2604	1066	1725	2413	4785	4592	2850	1656	1257	2098	2148	1603	1274	1535	2276	1297	3986	1540	3340	1618	1531	3308	1606	1919	1855	1530	2675	5076	1507	842	1025	3316	3112	2658	4124	4014	3224	2167	1994	1104	1566	2409	1656	796	2416	2095	2732	3861	2328	1185	939	922	2946	3328	1116	3986	1219	1414	2552	1298	1440	1526	594	1629	2275	1690	1437	3324	1617	3109	4274	1731	1846	2440	3780	2191	1693	1325	1116	414	2044	1789	1784	1547	1924	1803	555	1195	1521	1958	4029	3949	1736	1861	2410	3089	3568	3814	1679	1829	1714	1714	2082	1506	2406	1643	1639	1682	1507	2032	2206	4022	2013	3174	3119	2071	1490	3488	1511	1788	1872	3314	1455	2502	2051	3390	3894	400	818	1162	1634	3856	1156	4018	2055	1583	2053	315	1961	317	2506	3473	4208	1963	2560	1344	3796	1565	447	2514	2514	1591	1589	1358	923	1589	2133	1888	1906	2313	3569	1029	3584	3611	2265	2439	649	817	2402	2496	2578	841	2522	1246	3193	2713	1110	3095	1071	1895	2801	1508	886	3688	4017	1620	2132	2493	1924	1979	1505	1615	799	2721	1471	1977	1124	1215	3034	2353	3133	3891	1133	2930	1063	3225	3475	3946	2954	3820	1015	2671	2270	3939	3572	2091	2791	1221	3831	3656	2042	3833	2760	2041	1307	4569	3088	2681	2046	2168	2014	2172	2156	1763	2818	3269	4835	2753	2114	2378	3221	2450	2792	2975	2998	713	2223	3587	1166	3557	2329	2223	2262	2298	2396	2377	3605	1093	3658	1568	2151	2474	896	1971	1276	1617	2422	2398	954	3944	1858	2380	1840	2415	2652	1828	2917	2897	839	2811	2393	3599	289	2427	348	3511	653	542	3006	3638	1942	2856	2467	1817	3115	2597	207	3128	3644	2263	3276	801	2397	1239	2593	303	1533	2139	2802	2779	3549	2198	1081	3306	490	2827	4209	872	2625	3381	1944	2044	1640	825	2148	343	2864	898	2707	2898	1028	2141	2844	2696
2477	1628	301	719	1463	0	1448	1969	1977	3180	3216	671	960	898	2048	1149	645	989	799	1192	1172	1567	2010	2998	2079	5296	884	3879	2027	2555	947	1942	2360	2234	2252	944	2315	2104	3419	2364	1062	2824	2545	576	3066	2693	4920	1544	1029	2482	3041	3924	3153	5646	1656	2999	2889	2810	2370	2109	1403	1344	3821	3831	1380	2804	2867	1659	1721	2415	1507	2725	3464	2753	3498	3016	3122	2682	3400	730	2424	1468	3492	3182	772	2060	4909	817	3140	1121	2865	1224	4966	3281	1375	2113	1745	3179	3111	3369	1856	4942	1719	2336	1610	6043	1443	3380	3164	1003	2741	1546	1469	3707	1043	2894	2728	1552	1056	1959	3765	1631	1593	1072	2962	2513	1822	1074	2574	5775	5582	3011	1005	1118	952	1508	952	646	868	1625	540	3895	1257	3501	1414	880	3468	2294	1268	1923	1169	2836	6067	841	1240	2327	2525	3287	2832	3925	3818	3384	1495	1343	1506	915	1758	1032	1326	1765	1428	2907	3935	1677	338	1418	908	3121	3489	888	3914	1079	2102	1901	2288	1325	875	1256	978	1624	1023	1268	3484	1061	2913	5264	1167	1775	1789	3940	1540	1042	674	1837	1587	898	1138	1117	1263	1257	1136	1367	1871	1180	1291	3938	4109	1055	1838	1759	2893	3729	3723	1012	1178	1033	1033	1441	1184	1755	1096	1091	1001	1158	1761	1552	4183	1719	2383	3294	2300	1088	3649	1150	2101	1221	3118	1330	1851	1666	3551	3698	1440	1665	1595	905	3660	1588	3890	2151	917	1402	1467	1762	1619	1855	3277	4009	1312	1909	1000	3636	898	1527	1863	1863	940	1124	1013	1535	1124	1168	2201	1255	2474	3743	1327	3387	3415	1624	2599	1794	1800	2110	2204	1927	1769	1871	860	2659	2062	750	3269	1244	2208	2150	841	1733	3597	3851	953	1481	2068	1273	1561	924	964	1545	2070	2461	1326	1813	1155	2521	1781	3294	3742	1059	2359	1227	3386	3635	3855	2441	3728	1299	2175	2191	3743	3732	1440	2277	1137	3635	3817	896	3637	2305	1622	1287	5559	2892	2856	1628	1750	1596	1753	2385	1112	2979	3444	5825	2240	2344	1378	3025	2416	2505	2779	2802	1258	1572	3496	1855	3466	2440	1551	2423	2458	2091	2595	3384	1060	3833	2256	1500	1823	1052	1320	530	981	2583	1747	1748	4934	1207	1729	1189	2054	2826	1177	2648	2723	1546	2440	2553	3361	1304	2065	1447	3420	1575	1655	2810	3547	1291	2660	1816	2505	3024	2338	1255	3036	3422	2493	3436	1711	1746	1145	2350	1605	882	1488	2606	2583	3308	1547	1802	3466	1792	2631	4042	1321	1974	3542	1293	1393	989	1808	1370	1645	2668	1796	2962	2702	1927	1490	2273	2500
2318	832	1274	1638	2077	1465	0	1810	1818	3022	3058	1285	1860	1817	1890	1822	1534	1908	1681	1864	1845	1409	1623	2839	1921	5910	1556	3721	1869	3169	1620	1784	2201	2076	2094	873	2929	1946	3260	2205	1676	2666	2387	1159	2907	2535	5534	1386	1063	2323	2882	3765	2995	6260	1497	2840	2730	2651	2211	2723	1245	505	3662	3673	2053	2646	2708	2423	2335	2257	1348	2566	3305	2595	3339	2857	2963	3296	3241	1403	2266	2140	3334	3023	1465	2674	5523	1155	2981	1735	2707	1839	5580	3122	1217	2727	1586	3021	2953	3210	2470	5556	2333	2950	1451	6657	1285	3221	3005	1617	3355	1388	2142	3548	1657	2735	2569	1393	1729	1800	3607	1473	1435	1487	3576	2355	2436	1489	2415	6389	6196	2852	1039	1732	814	1350	1367	1565	1499	1466	1129	3736	1929	3342	2087	904	3310	2503	674	1908	1842	2677	6681	1525	1854	2941	1443	3128	2674	3767	3659	3226	1337	1184	2120	1304	1599	1705	1940	1606	1306	2748	3776	1519	1319	2033	1522	2962	3331	1588	3755	1752	2584	1742	2902	1997	983	1870	1255	1466	1466	1940	3326	1734	2754	5879	1839	1616	1270	3782	793	884	886	2451	2201	817	979	1789	1936	1557	1808	1981	2519	1853	1169	3780	3951	1728	1680	1600	2734	3571	3564	1685	1019	1706	1706	1283	1856	1596	1768	1764	1674	1831	1602	1394	4024	1561	1471	3135	2142	1761	3490	1823	2202	706	2959	2003	1692	1507	3392	3540	2054	2279	2178	1577	3502	2172	3731	1944	1589	673	2081	1603	2233	1696	3118	3851	572	1750	1672	3477	1571	2141	1704	1704	930	1796	1686	2149	1796	470	2041	1033	2316	3585	1999	3229	3256	1465	2441	2409	2414	1952	2045	1769	2383	1712	1533	2500	1904	1446	3111	1916	2070	1992	1514	2347	3439	3692	1425	1322	1909	1115	1402	1596	1379	2159	1912	3075	1168	2427	1827	2362	1623	3135	3583	1732	2200	1899	3227	3477	3696	2282	3570	1910	2017	2032	3584	3574	1281	2119	1751	3476	3659	1288	3479	2146	1464	1959	6174	2733	2697	1469	1591	1438	1595	2227	954	2820	3285	6439	2081	2185	473	2866	2257	2346	2621	2644	1872	1414	3338	2469	3307	2281	1392	2264	2300	1932	2436	3225	1733	3675	2639	1341	1665	1666	1161	1511	1654	2424	1588	2362	5548	1259	1570	1241	1895	2668	1037	2489	2565	2161	2281	2395	3203	1918	1906	2061	3261	2189	2269	2651	3389	775	2501	1658	3046	2865	2180	1870	2878	3264	2334	3278	2325	1587	1759	2191	2219	890	1329	2447	2424	3150	1389	2416	3308	2406	2473	3883	1935	1815	3383	553	695	919	2422	383	2259	2509	2410	2803	2544	2541	750	2114	2341
1289	2124	2104	2296	2735	2123	1998	0	88	2468	2454	1943	2518	2476	669	2384	2192	2566	2339	2447	2407	1335	1540	2333	1542	6208	2219	2372	1316	3408	2255	1108	609	345	1043	1654	3280	1696	2665	1076	2334	2071	1681	2187	1611	1091	5832	1358	1695	1423	1534	3170	2354	6558	1321	2199	1734	1110	1239	3021	1208	2192	2314	2324	2391	1297	1360	3126	2603	1238	1278	1718	2664	1831	2744	2216	2322	3594	2638	2062	1122	2413	2739	2382	2123	2435	5821	1814	2340	2393	2103	2497	5878	2527	1003	2488	1350	2425	2358	1914	2702	5854	2991	3248	1164	6955	1440	2580	2364	2275	3707	1368	2173	2953	2315	2132	1928	1180	2364	1202	3012	1421	1211	2145	3910	1180	2654	2147	1812	6687	6494	1903	1697	2391	2211	1329	2025	2223	1923	1415	1787	2371	2512	2747	2010	1590	2715	2260	1818	1626	2180	2036	6979	1913	2512	3372	2565	2525	2071	2418	2311	2631	1309	1502	2626	1962	985	2174	2599	989	1690	2145	2428	1289	1977	2612	2180	2359	2735	2246	2383	2387	2313	984	3140	2426	1641	2528	1933	708	1855	2400	2731	2165	1244	6177	2309	1366	1925	3187	1973	1272	1544	2415	2860	2122	1475	2224	2461	1793	2199	2639	2324	2414	1558	2439	3356	2265	1519	842	1386	2975	2223	2222	1515	2243	2243	1263	2438	836	2308	2303	2211	2463	1582	1373	3429	1541	3073	2532	1899	2423	2895	2471	1951	1876	1611	2441	767	1487	2797	2191	2636	2575	2682	2240	2153	2676	2383	1693	2252	1962	2740	1352	2758	538	1789	2502	1862	438	2308	2129	1997	2597	332	332	1588	2358	2322	2549	2358	2032	1791	1593	1762	2982	2635	1880	1908	1445	1887	2839	2779	933	1027	146	2711	233	2169	959	173	2105	2508	2552	1820	261	2050	2466	2097	2344	1864	1235	347	1027	1382	2232	2010	2744	181	3373	1148	2421	2463	801	1425	2540	2235	2368	483	2535	2632	2882	2355	721	2229	2608	423	1139	2236	2979	1573	557	2410	2128	3063	2168	2130	552	1444	2622	6472	1385	2094	1449	1571	1417	1575	1977	1343	2266	2682	6737	520	1935	2277	1518	1211	785	1272	1295	2530	1206	2041	2315	2011	1381	1290	1661	1697	684	1862	1877	2368	3072	2358	1253	836	2324	1074	2169	2316	1870	883	2357	5846	1917	865	1899	599	2065	1507	928	1156	2438	720	1624	1854	2576	575	2644	1965	2517	2725	1176	2092	1810	992	1044	2796	1516	599	2528	1529	1915	1979	2683	2592	830	2417	702	2761	1592	1310	1079	1056	1801	772	2634	2713	3064	1105	2535	2593	399	2788	1843	1934	1699	2787	2072	2890	1101	2627	2227	1176	2758	1951	553	884
1310	2146	2125	2318	2757	2145	2019	95	0	2490	2476	1965	2540	2497	691	2405	2214	2588	2361	2469	2428	1356	1562	2354	1563	6230	2241	2399	1338	3430	2277	1130	625	361	1059	1676	3301	1717	2692	1092	2356	2098	1703	2209	1638	1106	5854	1380	1717	1444	1560	3197	2381	6580	1343	2226	1761	1137	1261	3043	1229	2213	2341	2351	2413	1324	1386	3148	2625	1259	1300	1745	2691	1858	2771	2243	2349	3616	2660	2084	1143	2435	2766	2409	2145	2456	5843	1835	2367	2415	2125	2519	5900	2554	1025	2510	1372	2452	2385	1941	2724	5876	3013	3270	1186	6977	1462	2607	2391	2297	3728	1390	2195	2980	2337	2154	1955	1202	2386	1224	3039	1443	1232	2167	3932	1202	2675	2169	1834	6709	6516	1930	1719	2412	2232	1351	2047	2245	1945	1437	1809	2398	2533	2774	2032	1612	2741	2282	1839	1648	2202	2063	7001	1935	2534	3394	2587	2547	2092	2445	2338	2658	1331	1524	2647	1984	1007	2196	2620	1011	1712	2167	2455	1311	1999	2634	2202	2381	2762	2268	2409	2409	2335	1006	3162	2448	1663	2550	1955	729	1877	2422	2758	2187	1271	6198	2331	1388	1946	3213	1995	1294	1566	2436	2881	2144	1497	2246	2483	1815	2221	2661	2346	2436	1580	2466	3382	2287	1541	864	1412	3002	2250	2244	1537	2264	2264	1285	2460	858	2330	2325	2232	2485	1604	1395	3456	1563	3095	2554	1921	2445	2922	2493	1973	1897	1638	2463	789	1509	2824	2218	2658	2597	2704	2261	2180	2698	2410	1715	2273	1984	2761	1374	2780	560	1816	2529	1883	460	2330	2156	2019	2619	354	354	1610	2380	2344	2571	2380	2054	1813	1615	1783	3003	2657	1907	1934	1467	1909	2861	2801	955	1049	168	2733	254	2191	986	150	2126	2530	2574	1841	277	2072	2488	2124	2370	1886	1256	369	1049	1404	2254	2032	2766	197	3395	1170	2443	2485	827	1447	2567	2262	2389	499	2557	2659	2909	2382	747	2256	2630	438	1161	2263	3006	1595	584	2431	2155	3090	2189	2157	568	1465	2643	6493	1412	2116	1471	1593	1439	1596	1998	1364	2288	2704	6759	546	1957	2298	1544	1232	810	1299	1322	2552	1228	2068	2337	2038	1403	1312	1683	1719	705	1884	1903	2390	3093	2379	1275	858	2346	1096	2191	2338	1892	905	2379	5868	1939	887	1921	621	2087	1529	954	1183	2460	747	1651	1881	2598	597	2665	1992	2539	2747	1203	2119	1832	1019	1066	2817	1543	615	2550	1556	1942	2000	2710	2614	851	2439	724	2783	1614	1332	1106	1083	1828	794	2656	2740	3086	1132	2562	2615	421	2815	1864	1956	1721	2809	2094	2912	1128	2649	2249	1202	2780	1973	580	906
1681	3234	3213	3406	2966	3233	3107	2406	2420	0	1682	3053	3628	3585	2722	2890	3301	3643	3449	2862	2845	2145	3241	1947	1433	6382	2801	2418	2984	3636	3073	2897	2756	2457	3096	2763	3457	1396	1626	3161	3327	695	1428	3297	2118	3176	6005	2123	2804	1272	2205	2131	1320	6731	2192	1181	1069	2759	1607	3195	2346	3301	2151	2162	2810	2458	2521	4073	2831	1737	2189	1019	1455	935	1705	1198	1304	3767	1725	2930	1748	2767	1700	1364	3232	2593	5995	2923	1322	2999	1690	3263	6051	1151	2166	2646	2535	1235	982	2421	2930	6028	3305	3421	2317	7128	2523	1371	1178	3231	3880	2068	2509	1801	3308	1719	911	2296	3078	2915	1973	2529	2356	3238	4083	1604	2882	3312	1211	6860	6667	1193	2807	3326	3320	2054	3134	3333	3033	2523	2896	2321	2927	1708	2456	2700	1563	2099	2927	1977	2596	1018	7152	3041	3117	3546	4232	1753	1429	2914	2947	1592	2073	2454	2897	3072	2729	2609	3097	2721	2655	1503	2204	2468	3086	2834	3184	1587	1696	3355	2329	3205	2329	2728	3368	2841	2751	2917	3043	2451	2965	2815	1692	2581	2529	6350	2755	1660	3237	2148	3082	2382	2654	2696	3191	3231	2585	2749	2876	2847	2768	2878	2566	2805	2667	2632	2317	2779	2006	2507	2509	1936	2449	2787	2625	2801	2801	1988	2844	2464	2893	2898	2833	2870	2218	2112	2390	2199	4182	1760	1498	2990	1744	2877	1797	2985	2691	2857	2331	1990	1758	2825	2810	2784	2953	2822	2820	2947	2723	1909	2834	3071	2926	1775	2931	2478	2680	2900	2971	2417	3051	2586	3002	2771	2373	2373	2698	2877	3065	2772	2877	3141	1637	2703	998	1933	3033	2708	2735	2170	833	3012	2974	2060	2153	2414	2906	2380	2987	2608	2377	3214	2178	3130	1804	2408	3041	2675	2386	2808	2974	2146	2184	2064	1885	2931	3119	2965	2321	3546	1969	2703	3258	2449	2307	1501	2400	3186	2345	3353	1256	1817	2481	2369	2194	3309	2086	1960	2889	1849	2461	2206	3358	2872	1934	3277	2843	2202	1947	3064	6645	2314	1746	1952	2074	1920	2078	1678	2452	814	1872	6910	2168	1612	3386	2592	1655	2207	2219	2242	2945	2514	2491	2527	2461	1255	2129	1352	1378	2012	1518	2534	3186	1980	2250	2165	2500	3158	1985	3278	2898	1192	2537	2585	6020	3027	2520	3009	2073	1533	2617	2338	1804	2666	2232	1133	2512	2810	2084	2817	2337	2712	2899	2122	2340	2920	2277	2788	2641	2076	2012	2866	2089	2573	1663	1644	2821	2573	3418	2211	2935	2702	2222	2053	2200	2459	2504	2862	1337	3251	2034	2581	3188	2363	1749	2952	3044	2809	2981	3182	3064	1981	2856	1879	2319	2986	3061	2259	1874
1641	3233	3212	3405	2965	3232	3106	2415	2423	1684	0	3052	3627	3584	2682	2889	3300	3642	3448	2861	2844	2144	3244	1181	1432	6381	2800	2358	2983	3635	3072	2857	2829	2681	3056	2762	3456	1395	1214	3168	3326	1370	1564	3296	2537	3183	6004	2122	2803	1550	2624	1711	1487	6730	2191	1666	1554	2995	1567	3194	2345	3300	2091	2102	2809	2652	2714	4072	2830	1697	2188	1484	1507	1420	1285	1682	1726	3766	393	2929	1911	2766	1280	1637	3231	2378	5994	2922	1646	2998	925	3262	6050	1178	2165	2420	2534	879	908	2444	2929	6027	3304	3420	2316	7127	2522	1423	1751	3230	3879	2067	2508	1207	3307	953	1394	2295	3077	2906	1561	2528	2355	3237	4082	1885	2881	3311	1148	6242	6666	1678	2806	3325	3319	2053	3133	3332	3032	2522	2895	2261	2926	1288	2455	2699	970	1871	2926	1976	2595	1503	7151	3040	3116	3545	4231	279	594	2854	2888	1180	2072	2453	2896	3071	2689	2608	3096	2692	2654	669	2144	2467	3085	2833	3183	635	1277	3354	2269	3204	2102	2688	3367	2840	2750	2916	3042	2411	2964	2814	1272	2580	2760	6349	2754	1659	3236	1728	3081	2381	2653	2610	3190	3230	2584	2748	2875	2846	2767	2877	2565	2804	2666	2572	1897	2778	2005	2467	2740	1517	2389	2786	2624	2800	2800	1987	2843	2424	2892	2897	2832	2869	2217	2111	1970	2198	4181	224	1263	2989	1150	2876	1688	2984	2631	2856	2291	1989	1338	2765	2809	2783	2952	2821	2761	2946	2664	1835	2833	3070	2925	1774	2930	2438	2621	2840	2970	2377	3050	2526	3001	2770	2333	2333	2697	2876	3064	2771	2876	3140	1528	2702	1109	736	3032	2648	2675	2169	1026	3011	2973	2020	2113	2374	2905	2340	2986	2844	2509	3213	1412	3129	1695	2597	3040	2674	2326	2748	2973	2145	2144	2063	1884	2930	3118	2964	2517	3545	1968	2617	3257	2685	2306	1089	2341	3185	2581	3352	1282	1224	2421	2605	2134	3308	2323	1920	2829	1602	2460	2442	3357	2812	1687	3276	2783	2411	1946	3063	6644	2779	1046	1951	2073	1919	2077	1228	2451	1482	437	6242	2404	1033	3385	2872	1615	2443	2683	2706	2944	2513	2403	2299	2373	1509	2128	1099	823	1972	949	2474	3185	870	2022	2164	2460	3157	1984	3277	2897	1239	2536	2584	6019	3026	2519	3008	2033	767	2616	2568	2269	2665	2462	1536	2452	2809	2044	2816	2327	2711	2898	2587	2280	2919	2507	2748	2414	2495	2248	2865	2508	2513	1084	1232	2820	2533	3417	2244	2934	2701	2221	2453	2430	2399	2475	2845	1363	3250	2498	2521	3187	2323	1337	2951	3043	2808	2980	3181	3063	2446	2855	1145	2550	2985	3060	2495	2286
2357	1508	764	584	927	602	1328	1849	1857	3061	3097	0	806	764	1929	954	480	854	627	889	977	1448	1891	2878	1960	4761	780	3760	1908	2020	507	1823	2240	2115	2133	824	1780	1985	3299	2244	479	2705	2426	951	2946	2574	4384	1425	909	2362	2921	3804	3034	5110	1536	2879	2769	2690	2250	1574	1284	1523	3701	3712	1192	2685	2747	1312	1186	2296	1387	2605	3344	2634	3378	2896	3002	2146	3280	627	2305	1124	3373	3062	406	1524	4374	928	3020	585	2746	662	4430	3161	1256	1577	1625	3060	2992	3249	1320	4407	1183	1800	1490	5507	1324	3260	3044	420	2205	1427	1365	3587	460	2774	2608	1432	705	1839	3646	1512	1474	953	2426	2394	1286	954	2454	5239	5046	2891	885	498	1327	1389	832	511	764	1505	497	3775	954	3381	1310	761	3349	1759	1149	1819	1066	2716	5531	737	704	1791	2546	3167	2713	3806	3698	3265	1376	1223	970	795	1638	928	791	1645	1324	2787	3815	1558	395	883	307	3001	3370	534	3794	732	1567	1781	1752	1038	756	720	858	1505	919	990	3365	958	2793	4729	1063	1655	1670	3821	1420	923	554	1301	1052	1273	1018	1013	960	1154	1032	831	1370	920	1187	3819	3990	952	1719	1639	2773	3610	3603	909	1058	929	929	1322	881	1635	978	974	897	855	1641	1433	4063	1600	2404	3174	2181	812	3529	848	1941	1102	2998	1028	1731	1546	3431	3579	904	1129	1029	801	3541	1022	3770	1983	813	1282	932	1642	1084	1735	3157	3890	1192	1789	652	3516	794	991	1743	1743	820	924	665	999	924	1363	2041	1136	2355	3624	843	3268	3295	1504	2480	1259	1264	1991	2084	1808	1233	1751	537	2539	1943	393	3150	836	2047	2031	737	1197	3478	3731	849	1361	1948	1154	1441	812	845	1009	1951	1925	1207	1277	747	2401	1662	3174	3622	537	2239	648	3266	3516	3735	2321	3609	733	2056	2071	3623	3613	1320	2158	491	3515	3698	1272	3518	2185	1503	978	5024	2772	2736	1508	1630	1477	1634	2266	993	2859	3324	5289	2120	2224	1607	2905	2296	2385	2660	2683	722	1453	3377	1319	3346	2320	1431	2303	2339	1971	2475	3264	652	3714	1721	1380	1704	516	1200	385	878	2463	1627	1212	4398	1087	1609	1069	1934	2707	1058	2528	2604	1011	2320	2434	3242	768	1945	911	3300	1039	1119	2690	3428	1171	2540	1697	1969	2904	2219	720	2917	3303	2373	3317	1175	1626	498	2230	1069	762	1368	2486	2463	3189	1428	1267	3347	1256	2512	3922	785	1854	3422	1173	1274	869	1272	1378	1109	2548	1260	2842	2583	1391	1371	2153	2380
2906	2057	1091	377	1598	963	1878	2399	2406	3610	3646	805	0	146	2478	1595	484	208	301	1607	1618	1997	2440	3428	2509	5431	1329	4309	2457	2690	1225	2372	2789	2664	2682	1373	2450	2534	3849	2794	1196	3254	2975	1238	3496	3123	5055	1974	1458	2911	3470	4353	3583	5781	2085	3429	3318	3239	2800	2244	1833	1819	4250	4261	1828	3234	3296	901	1856	2845	1937	3154	3893	3183	3928	3445	3551	2696	3830	1176	2854	1799	3922	3611	1124	2195	5044	1477	3569	1256	3295	1298	5101	3711	1805	2248	2174	3609	3541	3798	1991	5077	1854	2471	2039	6178	1873	3809	3593	1138	2371	1976	1915	4136	1177	3323	3157	1982	1423	2388	4195	2061	2023	1502	2493	2943	1957	1503	3004	5910	5717	3441	1435	1243	1476	1938	1381	362	1313	2054	1075	4324	1672	3931	1859	1310	3898	2429	1698	2368	1615	3265	6202	1286	1375	2165	3001	3716	3262	4355	4247	3814	1925	1772	1641	1345	2187	1478	1461	2194	1873	3336	4365	2107	950	1553	968	3550	3919	461	4343	1477	2237	2330	2423	1756	1305	1391	1407	2054	1469	1708	3914	1507	3342	5399	1612	2205	2219	4370	1969	1472	1103	1972	1722	1450	1567	1562	1678	1703	1581	1502	2040	1638	1737	4368	4539	1501	2268	2188	3322	4159	4153	1458	1607	1479	1479	1871	1599	2184	1541	1537	1447	1573	2190	1982	4612	2149	2859	3724	2730	1529	4078	1565	2546	1651	3548	1745	2280	2095	3980	4128	1575	1800	1699	1350	4090	1693	4320	2532	1362	1831	1602	2191	1754	2284	3707	4439	1742	2339	1369	4065	1344	1662	2292	2292	1369	1569	1383	1670	1569	1644	2647	1685	2904	4173	1480	3817	3844	2054	3029	1929	1935	2540	2633	2357	1904	2300	1255	3088	2492	488	3699	1522	2653	2580	1287	1868	4027	4280	1399	1910	2497	1703	1991	1369	1394	1680	2500	2609	1756	1948	1492	2950	2211	3724	4171	1282	2789	1393	3815	4065	4285	2870	4158	1369	2605	2620	4173	4162	1869	2707	1236	4064	4247	1687	4067	2734	2052	1722	5694	3322	3286	2057	2180	2026	2183	2815	1542	3408	3874	5960	2669	2773	1854	3454	2845	2935	3209	3232	1393	2002	3926	1990	3896	2870	1980	2852	2888	2521	3025	3813	1397	4263	2391	1929	2253	1029	1750	1100	1427	3013	2176	1883	5069	1637	2159	1619	2483	3256	1607	3077	3153	1681	2870	2983	3791	1439	2494	1582	3850	1710	1790	3239	3977	1721	3090	2246	2640	3453	2768	1390	3466	3852	2922	3866	1846	2176	1243	2780	1740	1312	1918	3036	3012	3738	1977	1937	3896	1927	3061	4471	1456	2403	3971	1723	1823	1419	1943	1846	1780	3098	1931	3391	3132	2062	1920	2702	2929
2893	2044	1022	429	1593	894	1865	2386	2393	3597	3633	792	146	0	2465	1582	422	260	296	1594	1605	1984	2427	3415	2496	5426	1316	4296	2444	2685	1212	2359	2776	2651	2669	1360	2445	2521	3836	2781	1183	3241	2962	1233	3483	3110	5050	1961	1445	2898	3457	4340	3570	5776	2072	3416	3305	3226	2787	2239	1820	1814	4237	4248	1824	3221	3283	896	1851	2832	1924	3141	3880	3170	3915	3432	3538	2691	3817	1163	2841	1794	3909	3598	1111	2190	5039	1464	3556	1251	3282	1294	5096	3698	1792	2243	2161	3596	3528	3785	1986	5072	1849	2466	2026	6173	1860	3796	3580	1125	2366	1963	1902	4123	1164	3310	3144	1969	1410	2375	4182	2048	2010	1489	2488	2930	1952	1490	2991	5905	5712	3428	1422	1181	1471	1925	1368	391	1300	2041	1062	4311	1659	3918	1846	1297	3885	2424	1685	2355	1602	3252	6197	1273	1370	2160	2996	3703	3249	4342	4234	3801	1912	1759	1636	1332	2174	1465	1456	2181	1860	3323	4352	2094	880	1549	949	3537	3906	513	4330	1415	2232	2317	2418	1743	1292	1386	1394	2041	1456	1695	3901	1494	3329	5395	1599	2192	2206	4357	1956	1459	1090	1967	1717	1445	1554	1549	1665	1690	1568	1497	2035	1625	1724	4355	4526	1488	2255	2175	3309	4146	4140	1445	1594	1466	1466	1858	1586	2171	1528	1524	1434	1560	2177	1969	4599	2136	2854	3711	2717	1516	4065	1552	2533	1638	3535	1732	2267	2082	3967	4115	1570	1795	1694	1337	4077	1688	4307	2519	1349	1818	1597	2178	1749	2271	3694	4426	1729	2326	1356	4052	1331	1657	2279	2279	1356	1556	1370	1665	1556	1639	2634	1672	2891	4160	1475	3804	3831	2041	3016	1925	1930	2527	2620	2344	1899	2287	1242	3075	2479	535	3686	1519	2640	2567	1274	1863	4014	4267	1386	1897	2484	1690	1978	1356	1381	1675	2487	2604	1743	1943	1430	2937	2198	3711	4158	1220	2776	1331	3802	4052	4272	2857	4145	1365	2592	2607	4160	4149	1856	2694	1174	4051	4234	1618	4054	2721	2039	1660	5690	3309	3273	2044	2167	2013	2170	2802	1529	3395	3861	5955	2656	2760	1849	3441	2832	2922	3196	3219	1388	1989	3913	1985	3883	2857	1967	2839	2875	2508	3012	3800	1335	4250	2386	1916	2240	1081	1737	1038	1414	3000	2163	1878	5064	1624	2146	1606	2470	3243	1594	3064	3140	1677	2857	2970	3778	1434	2481	1577	3837	1705	1785	3226	3964	1708	3077	2233	2635	3440	2755	1386	3453	3839	2909	3853	1841	2163	1181	2767	1735	1299	1905	3023	2999	3725	1964	1932	3883	1922	3048	4458	1451	2390	3958	1710	1810	1406	1938	1841	1775	3085	1926	3378	3119	2057	1907	2689	2916
1537	2095	2151	2344	2783	2171	2045	661	669	2716	2702	1991	2566	2523	0	2431	2239	2614	2387	2533	2454	1327	1243	2581	1835	6463	2266	2818	980	3662	2303	674	764	810	873	1701	3534	1918	2954	1022	2382	2360	1929	2235	2056	1118	6087	1351	1742	1670	1979	3459	2697	6812	1314	2543	2078	1215	1487	3276	1200	2239	2759	2770	2527	1743	1805	3174	2857	1485	1270	1975	3007	2193	3033	2559	2665	3849	2886	2109	1467	2591	3028	2725	2170	2679	6076	1861	2683	2441	2351	2544	6133	2816	996	2732	1343	2715	2647	2359	2956	6109	3039	3502	1157	7209	1433	2923	2707	2323	3961	1360	2410	3242	2363	2380	2271	1173	2412	905	3301	1469	1203	2193	4165	1616	2908	2194	2060	6942	6748	2322	1745	2438	2258	1322	2072	2271	1971	1462	1834	2817	2598	3036	2264	1638	3004	2476	1865	1881	2313	2379	7233	1961	2560	3647	2191	2773	2319	2864	2756	2920	1302	1494	2826	2010	978	2272	2646	899	1738	2393	2873	1282	2024	2738	2228	2607	3025	2293	2828	2435	2557	722	3395	2558	1689	2576	1981	578	1903	2532	3020	2297	1690	6431	2407	1589	1628	3476	1944	1320	1592	2669	2907	2169	1523	2271	2593	1841	2247	2687	2579	2462	1605	2884	3645	2312	1652	635	1831	3265	2669	2269	1563	2290	2290	1255	2485	678	2355	2351	2258	2511	1575	1366	3718	1533	2819	2780	2114	2471	3184	2519	2174	1923	2056	2574	903	1480	3086	2637	2760	2829	2923	2287	2599	2917	2828	1916	2299	2037	2787	1576	2939	567	2234	2948	1909	468	2356	2574	2045	2847	497	497	1636	2406	2369	2804	2406	2079	2014	1641	2010	3230	2683	2326	2353	1438	2135	3093	3034	1073	1167	619	2966	505	2216	1064	754	2152	2756	2600	2043	794	2098	2721	2543	2789	1912	1227	783	1020	1375	2280	2057	2864	762	3627	1140	2676	2511	982	1418	2829	2680	2415	948	2583	2921	3171	2801	1166	2674	2655	901	1392	2681	3268	1566	1003	2457	2573	3353	2215	2576	1030	1436	2669	6726	1830	2342	1442	1564	1410	1567	2199	1390	2514	2930	6992	965	2158	2324	1963	1458	1230	1718	1741	2578	1199	2486	2570	2456	1629	1283	1909	1945	984	2110	2322	2416	3319	2612	1246	829	2372	1066	2216	2364	2118	875	2611	6101	1965	858	1947	947	2313	1555	1373	1601	2693	1165	1882	2300	2624	958	2767	2410	2772	2975	1622	2537	1858	1437	1037	3018	1961	1063	2575	1974	2361	2227	2972	2847	467	2465	1139	2924	1640	1303	1525	1502	2247	800	2888	3002	3112	1550	2980	2641	655	3077	1890	1982	1747	3041	2120	2965	1546	2882	2475	1621	3013	1923	998	1320
2144	2048	1243	1309	1507	1082	1868	2294	2302	2886	2922	911	1531	1489	2373	0	1205	1579	1352	114	57	1771	2382	2704	1785	5340	289	3625	2352	2584	525	2267	2684	2559	2577	1364	2359	1810	3125	2689	728	2530	2251	1431	2736	3018	4964	1749	1306	2149	2822	3630	2859	5690	1770	2705	2556	2908	2037	2153	1723	2062	3567	3577	401	2565	2627	2140	1779	2085	1382	2431	3170	2459	3204	2721	2828	2726	3106	549	2119	430	3198	2887	905	1681	4953	1468	2846	912	2571	902	5010	2987	1702	1734	2072	2885	2817	3039	1878	4986	1763	2380	1937	6087	1876	3086	2869	633	2785	1592	964	3412	709	2599	2433	1879	376	2284	3471	1302	1920	856	3006	2183	1830	930	2280	5819	5626	2717	1345	718	1807	1508	882	1236	686	1296	769	3564	179	3207	909	1300	3174	1878	1688	1377	298	2542	6111	650	1021	2371	3085	2992	2538	3702	3578	3090	1699	1566	737	1037	2082	354	1087	2089	1124	2612	3681	2004	935	770	1027	2826	3195	1259	3583	493	1723	2225	2316	214	1295	1235	1032	1949	650	157	3190	309	2673	5309	299	1530	2161	3646	1960	1315	1094	1672	1631	1752	1509	370	185	732	389	1389	924	68	1003	3608	3815	246	1393	2083	2653	3435	3393	287	1549	224	224	1614	54	2079	129	125	192	79	1357	1485	3889	1338	2943	3000	2006	165	3355	87	1596	1641	2879	230	2175	1532	3257	3459	1484	1055	689	223	3421	683	3597	1605	390	1822	1511	1698	1663	2180	3038	3786	1732	2234	261	3374	577	1571	2188	2188	1360	75	375	817	75	1902	1696	1627	2180	3449	548	3148	3175	1502	2305	1839	1870	1967	2060	2252	1796	2195	429	2757	2387	1118	2975	545	1702	2475	660	1205	3267	3596	771	1387	2057	1600	1511	332	859	1000	2395	2505	1595	1679	478	2599	1885	3000	3470	577	2494	745	3091	3341	3525	2519	3398	810	2236	1962	3504	3438	1401	2355	749	3395	3523	1751	3398	2325	1572	284	5604	2653	2562	1578	1700	1546	1703	2091	1341	2684	3150	5869	2318	2050	2147	2785	2105	2357	2540	2563	1065	1967	3166	1492	3136	2107	1755	2128	2164	1960	2301	3184	560	3539	1877	1355	2150	1337	1598	1013	180	2289	2074	1451	4978	1627	2056	1609	1980	2532	1359	2482	2476	1542	2375	2259	3177	1348	1991	1491	3090	1603	1699	2570	3217	1711	2421	2141	2142	2694	2161	1300	2706	3223	2198	3142	1768	2071	809	2157	1649	1302	1352	2367	2343	3069	1872	1810	3172	1836	2392	3788	1402	2298	3247	1713	1813	1409	1878	1917	1689	2429	1803	2667	2463	1934	1910	2408	2260
2611	1763	776	242	1264	648	1583	2104	2112	3315	3351	511	484	422	2183	1300	0	512	332	1312	1323	1702	2145	3133	2214	5098	1035	4014	2162	2357	930	2077	2494	2369	2387	1079	2116	2239	3554	2499	880	2959	2680	1051	3201	2828	4721	1679	1163	2616	3175	4059	3288	5447	1790	3134	3024	2945	2505	1910	1538	1730	3955	3966	1495	2939	3001	1192	1523	2550	1642	2860	3599	2888	3633	3150	3257	2483	3535	881	2559	1465	3627	3316	829	1861	4710	1183	3275	922	3000	965	4767	3416	1510	1914	1880	3314	3246	3504	1657	4743	1520	2137	1745	5844	1578	3515	3298	843	2542	1681	1620	3841	872	3028	2862	1687	1128	2094	3900	1766	1728	1207	2783	2648	1623	1208	2709	5576	5383	3146	1140	852	1388	1643	1087	169	1019	1760	781	4029	1377	3636	1565	1015	3603	2095	1403	2073	1320	2971	5868	991	1041	2128	2800	3421	2967	4060	3953	3519	1630	1478	1307	1050	1892	1183	1128	1899	1579	3041	4070	1812	615	1220	620	3255	3624	336	4048	1086	1904	2035	2089	1469	1010	1057	1113	1759	1174	1413	3619	1212	3047	5066	1317	1910	1924	4075	1674	1177	808	1638	1388	1373	1272	1267	1383	1408	1286	1168	1706	1343	1442	4073	4244	1206	1973	1893	3027	3864	3858	1163	1313	1184	1184	1576	1304	1889	1246	1242	1152	1278	1896	1687	4318	1854	2658	3429	2435	1234	3784	1270	2252	1356	3253	1450	1985	1801	3686	3833	1241	1466	1366	1055	3795	1359	4025	2237	1067	1537	1269	1897	1421	1990	3412	4144	1447	2044	1074	3770	1049	1328	1998	1998	1075	1274	1088	1336	1274	1555	2352	1390	2609	3878	1146	3522	3549	1759	2734	1596	1601	2245	2339	2062	1570	2005	960	2794	2197	206	3404	1190	2358	2285	992	1534	3732	3985	1104	1616	2203	1408	1696	1075	1099	1346	2205	2262	1461	1614	1101	2655	1916	3429	3876	891	2494	1002	3520	3770	3990	2575	3863	1036	2310	2326	3878	3867	1575	2412	845	3770	3952	1371	3772	2440	1757	1332	5361	3027	2991	1762	1885	1731	1888	2520	1247	3113	3579	5626	2374	2479	1765	3159	2550	2640	2914	2937	1059	1707	3631	1656	3601	2575	1686	2557	2593	2226	2730	3518	1006	3968	2057	1634	1958	853	1455	709	1132	2718	1882	1549	4735	1342	1864	1324	2188	2961	1312	2782	2858	1348	2575	2688	3496	1105	2200	1248	3555	1376	1456	2944	3682	1426	2795	1951	2306	3159	2473	1057	3171	3557	2627	3571	1512	1881	852	2485	1406	1017	1623	2741	2718	3443	1682	1604	3601	1593	2766	4177	1122	2108	3676	1428	1528	1124	1609	1632	1446	2803	1597	3096	2837	1728	1625	2408	2634
2991	2143	1120	406	1456	992	1963	2484	2492	3701	3723	883	208	260	2563	1680	512	0	410	1697	1703	2082	2525	3425	2594	5290	1415	4394	2542	2549	1310	2457	2874	2749	2767	1459	2308	2619	3940	2879	1159	3345	3066	1347	3581	3208	4913	2059	1543	2996	3555	4445	3674	5639	2170	3520	3404	3325	2885	2102	1918	1928	4335	4346	1686	3319	3381	927	1715	2930	2022	3246	3985	3274	4019	3537	3643	2722	3907	1261	2939	1657	4013	3703	1209	2053	4902	1563	3661	1114	3372	1157	4959	3802	1890	2106	2260	3700	3632	3884	1849	4935	1712	2329	2125	6036	1958	3901	3685	1236	2397	2061	2000	4228	1150	3400	3249	2067	1508	2474	4286	2146	2108	1587	2518	3028	1815	1588	3095	5768	5575	3532	1520	1131	1585	2023	1467	391	1399	2140	1161	4409	1762	4022	1945	1395	3989	2287	1783	2453	1700	3357	6060	1371	1233	2154	3110	3794	3339	4440	4333	3905	2010	1858	1499	1430	2272	1563	1320	2279	1959	3414	4450	2192	979	1412	827	3628	4010	419	4428	1365	2096	2415	2281	1748	1390	1249	1493	2139	1554	1770	4005	1592	3427	5258	1697	2290	2304	4461	2054	1557	1188	1830	1580	1559	1652	1647	1768	1788	1666	1360	1898	1742	1822	4453	4630	1586	2353	2273	3407	4250	4238	1543	1693	1564	1564	1956	1684	2269	1626	1622	1532	1658	2276	2067	4704	2234	2968	3801	2752	1614	4170	1650	2470	1736	3633	1764	2365	2181	4072	4213	1433	1658	1558	1435	4175	1551	4405	2617	1447	1917	1461	2277	1613	2370	3792	4524	1827	2424	1454	4150	1429	1520	2378	2378	1455	1654	1468	1528	1654	1752	2570	1770	2995	4250	1338	3902	3929	2139	3120	1788	1793	2625	2719	2442	1762	2385	1340	3174	2577	517	3776	1380	2576	2665	1372	1726	4112	4365	1484	1996	2583	1788	2076	1455	1479	1538	2585	2454	1841	1806	1380	3035	2296	3815	4256	1169	2874	1281	3907	4156	4370	2955	4243	1228	2690	2706	4258	4253	1955	2792	1123	4150	4338	1716	4152	2820	2137	1610	5553	3407	3363	2142	2265	2111	2268	2837	1627	3500	3951	5818	2754	2796	1963	3539	2930	3020	3294	3317	1251	2087	4011	1848	3981	2955	2066	2944	2979	2606	3058	3898	1285	4340	2249	2014	2338	888	1835	1129	1512	3104	2262	1741	4927	1722	2244	1704	2568	3333	1692	3162	3238	1540	2955	3074	3876	1297	2580	1440	3935	1568	1648	3324	4062	1806	3175	2331	2498	3539	2853	1249	3551	3937	2945	3957	1704	2261	1131	2865	1598	1397	2003	3121	3098	3823	2062	1796	3987	1785	3146	4557	1314	2488	4063	1808	1908	1504	1801	1955	1638	3183	1789	3388	3217	1920	2005	2788	3014
2726	1877	921	407	1426	793	1697	2218	2226	3429	3465	625	299	292	2297	1414	332	410	0	1426	1437	1816	2259	3247	2328	5260	1149	4128	2277	2519	1045	2191	2609	2484	2501	1193	2279	2354	3668	2613	1016	3074	2795	1029	3315	2942	4883	1794	1278	2731	3290	4173	3402	5609	1905	3248	3138	3059	2619	2073	1653	1610	4070	4080	1645	3054	3116	949	1685	2664	1756	2974	3713	3002	3747	3265	3371	2645	3649	995	2673	1623	3742	3431	943	2023	4873	1297	3389	1084	3114	1204	4929	3530	1624	2077	1994	3428	3361	3618	1819	4906	1683	2299	1859	6006	1692	3629	3413	957	2419	1796	1734	3956	997	3143	2977	1801	1242	2208	4014	1880	1842	1321	2541	2762	1786	1323	2823	5738	5545	3260	1254	1092	1268	1757	1201	334	1133	1874	895	4144	1491	3750	1679	1129	3717	2258	1517	2188	1434	3085	6030	1106	1203	2213	2792	3536	3081	4174	4067	3634	1744	1592	1469	1164	2007	1297	1290	2014	1693	3156	4184	1926	779	1382	859	3370	3738	576	4163	1276	2066	2150	2251	1575	1125	1219	1227	1873	1288	1527	3733	1326	3162	5228	1432	2024	2038	4189	1789	1291	923	1801	1551	1241	1387	1382	1498	1522	1401	1330	1869	1457	1556	4187	4358	1320	2087	2008	3142	3978	3972	1277	1427	1298	1298	1691	1418	2004	1361	1356	1266	1392	2010	1801	4432	1969	2650	3543	2549	1349	3898	1385	2366	1470	3367	1565	2100	1915	3800	3947	1403	1628	1528	1170	3909	1521	4139	2351	1182	1651	1431	2011	1583	2104	3526	4258	1561	2158	1189	3885	1163	1490	2112	2112	1189	1389	1203	1498	1389	1435	2466	1505	2723	3992	1386	3637	3664	1873	2848	1758	1763	2359	2453	2176	1732	2120	1074	2908	2311	445	3519	1400	2473	2399	1106	1696	3846	4100	1218	1730	2317	1523	1810	1189	1214	1508	2319	2424	1576	1776	1311	2770	2030	3543	3991	1130	2608	1242	3635	3884	4104	2690	3978	1275	2424	2440	3992	3981	1689	2526	1084	3884	4066	1516	3886	2554	1871	1535	5523	3141	3105	1877	1999	1845	2002	2635	1362	3228	3693	5788	2489	2593	1645	3274	2665	2754	3028	3051	1221	1821	3745	1818	3715	2689	1800	2672	2708	2340	2844	3633	1216	4082	2220	1749	2073	1015	1569	903	1246	2832	1996	1712	4898	1456	1978	1438	2303	3076	1426	2897	2972	1510	2689	2802	3611	1267	2314	1410	3669	1538	1618	3059	3796	1540	2909	2066	2468	3273	2587	1219	3286	3672	2742	3685	1674	1995	1092	2599	1568	1131	1737	2855	2832	3557	1797	1766	3716	1755	2880	4291	1284	2223	3791	1542	1642	1238	1771	1637	1609	2917	1759	3211	2951	1890	1740	2522	2749
2126	2144	1340	1380	1446	1178	1964	2326	2334	2868	2904	879	1602	1560	2469	150	1276	1650	1423	0	143	1769	2478	2686	1767	5280	385	3608	2449	2552	493	2363	2781	2592	2673	1460	2299	1793	3107	2785	696	2513	2234	1527	2718	3114	4903	1746	1403	2131	2805	3612	2841	5629	1767	2687	2539	2906	2020	2093	1820	2159	3549	3560	369	2563	2625	2132	1705	2067	1479	2413	3152	2441	3186	2704	2810	2665	3088	644	2101	398	3181	2870	948	1648	4893	1564	2828	852	2553	841	4949	2969	1685	1702	2054	2867	2800	3021	1846	4926	1702	2319	1919	6026	1973	3068	2852	601	2724	1575	960	3395	677	2582	2416	1861	344	2380	3454	1361	1902	941	2945	2165	1797	1015	2262	5758	5565	2699	1441	657	1903	1491	966	1307	782	1355	865	3547	64	3189	905	1397	3156	1846	1785	1360	266	2524	6050	747	960	2310	3182	2975	2521	3685	3576	3073	1697	1662	677	1132	2179	346	1026	2186	1220	2595	3664	1986	1032	710	966	2809	3177	1330	3566	461	1691	2322	2284	149	1392	1174	1127	2045	747	125	3173	301	2671	5248	366	1528	2257	3628	2056	1412	1190	1640	1570	1849	1605	466	71	828	485	1328	891	103	1100	3590	3797	342	1391	2180	2651	3417	3375	383	1645	320	320	1611	88	2176	225	221	288	89	1340	1468	3871	1320	3040	2982	1988	184	3337	93	1593	1738	2876	138	2235	1514	3239	3456	1423	994	628	320	3418	622	3579	1588	486	1918	1451	1681	1603	2276	3035	3769	1828	2330	229	3357	673	1510	2284	2284	1456	171	343	756	171	1999	1694	1723	2162	3432	487	3146	3173	1484	2287	1778	1810	1964	2058	2285	1736	2292	397	2755	2419	1189	2958	484	1700	2507	755	1144	3249	3578	867	1484	2055	1583	1509	428	955	939	2428	2444	1593	1647	417	2596	1882	2982	3452	516	2492	684	3074	3324	3507	2516	3381	750	2233	1960	3501	3421	1497	2353	688	3393	3505	1848	3395	2322	1570	223	5543	2650	2544	1575	1698	1544	1701	2074	1438	2667	3132	5808	2315	2032	2243	2783	2087	2354	2537	2560	1004	2033	3148	1460	3118	2090	1752	2111	2147	1958	2283	3166	499	3521	1845	1337	2133	1337	1581	1109	277	2271	2056	1390	4917	1723	2038	1705	1977	2515	1455	2479	2458	1481	2373	2242	3160	1287	1989	1430	3072	1542	1638	2568	3199	1807	2418	2238	2110	2676	2159	1239	2689	3205	2181	3125	1694	2167	749	2155	1588	1398	1335	2364	2341	3110	1969	1778	3155	1775	2389	3770	1341	2267	3230	1809	1910	1505	1817	2014	1628	2426	1771	2650	2460	1902	2007	2406	2258
2157	2004	1200	1266	1552	1038	1824	2250	2258	2899	2934	931	1488	1445	2329	45	1162	1536	1309	153	0	1783	2338	2716	1797	5386	245	3638	2309	2596	545	2223	2641	2516	2533	1320	2404	1823	3137	2645	748	2543	2264	1387	2748	2974	5009	1761	1263	2162	2835	3642	2872	5735	1782	2717	2569	2920	2050	2198	1680	2019	3579	3590	414	2577	2639	2096	1791	2098	1339	2443	3182	2472	3216	2734	2840	2771	3118	505	2131	443	3211	2900	862	1693	4998	1424	2858	958	2583	947	5055	2999	1661	1746	2030	2897	2830	3051	1890	5031	1808	2425	1895	6132	1833	3098	2882	652	2830	1605	976	3425	729	2612	2446	1838	395	2240	3484	1259	1879	813	3051	2195	1842	886	2292	5864	5671	2729	1301	747	1763	1521	838	1193	643	1252	725	3577	218	3219	921	1257	3187	1891	1645	1390	311	2554	6156	607	1066	2416	3042	3005	2551	3715	3590	3103	1711	1522	782	993	2039	367	1132	2046	1080	2625	3694	1963	892	816	1056	2839	3207	1215	3596	512	1735	2182	2329	227	1252	1280	988	1905	607	170	3203	321	2685	5354	256	1542	2117	3659	1916	1272	1050	1685	1676	1709	1465	326	204	688	345	1434	936	82	960	3621	3828	202	1405	2040	2665	3447	3405	243	1505	180	180	1626	99	2036	85	81	148	124	1370	1498	3901	1350	2900	3012	2019	144	3367	132	1608	1598	2891	242	2132	1544	3269	3471	1529	1100	734	180	3433	728	3609	1618	346	1778	1557	1711	1709	2136	3050	3799	1688	2190	280	3387	533	1616	2144	2144	1316	31	395	862	31	1859	1708	1583	2192	3462	593	3160	3187	1514	2318	1884	1915	1979	2072	2209	1842	2152	449	2769	2343	1074	2988	590	1714	2431	616	1250	3279	3609	728	1344	2070	1559	1523	288	815	1045	2352	2550	1612	1691	523	2611	1897	3012	3482	606	2506	774	3104	3354	3537	2531	3411	847	2248	1974	3516	3451	1357	2367	779	3408	3535	1708	3410	2337	1585	329	5649	2665	2574	1590	1712	1558	1716	2104	1298	2697	3162	5914	2330	2062	2103	2797	2117	2369	2552	2575	1110	1924	3178	1504	3148	2120	1767	2141	2177	1973	2313	3196	605	3552	1889	1367	2109	1294	1590	969	137	2301	2032	1462	5023	1583	2015	1565	1992	2545	1315	2494	2488	1560	2387	2272	3190	1393	2003	1536	3102	1648	1744	2582	3229	1667	2433	2098	2155	2706	2174	1345	2719	3235	2211	3155	1781	2027	839	2170	1694	1258	1315	2379	2355	3081	1829	1822	3185	1881	2404	3800	1447	2255	3260	1669	1770	1365	1923	1874	1734	2441	1816	2680	2475	1947	1867	2420	2272
1208	1646	1625	1818	2197	1645	1519	1139	1147	2134	2170	1465	2040	1997	1339	1868	1714	2088	1861	1841	1823	0	1654	1951	951	5602	1739	2644	1396	2802	1777	1311	1530	1405	1578	1176	2674	1058	2372	1727	1856	1778	1471	1709	1797	1884	5226	114	1217	1213	1805	2877	2107	5952	108	1952	1620	1912	1101	2415	674	1713	2585	2596	1785	1569	1631	2648	1997	1146	602	1518	2417	1735	2451	1969	2075	2988	2353	1584	1180	1807	2446	2135	1645	1818	5215	1335	2093	1915	1819	2018	5272	2234	353	1871	609	2133	2065	2100	2096	5248	2513	2642	284	6349	935	2333	2117	1797	3101	468	1567	2660	1837	1847	1681	264	1886	1327	2719	941	416	1667	3304	1244	2047	1668	1527	6081	5888	1865	1219	1912	1732	430	1547	1745	1445	935	1309	2625	1905	2454	1404	1112	2422	1615	1339	1020	1574	1789	6373	1435	2034	2766	2645	2240	1786	2690	2582	2338	73	866	2020	1484	1116	1568	2120	1133	1067	1860	2699	541	1499	2006	1702	2074	2443	1767	2645	1909	1696	1210	2534	1820	1163	2050	1455	933	1377	1794	2438	1559	1677	5570	1703	728	1649	2894	1495	794	1066	1808	2381	1644	997	1697	1855	1313	1719	2109	1718	1783	1080	2669	3063	1726	792	934	1657	2683	2454	1742	1037	1762	1762	363	1822	930	1828	1823	1731	1848	683	487	3136	641	2595	2247	1254	1943	2602	1856	1314	1397	1882	1835	837	579	2504	2463	2030	1969	2076	1759	2425	2070	2658	1056	1771	1483	2157	715	2152	1004	2041	2774	1383	1059	1830	2400	1519	1991	1033	1033	1110	1878	1844	1943	1878	1554	1153	1115	1428	2697	2076	2152	2179	546	1553	2233	2173	970	1097	1098	2105	1041	1690	1761	1232	1626	2223	2074	1182	1320	1572	1860	2328	2615	1386	559	1061	347	474	1754	1532	2138	1241	2767	278	1815	1985	1602	234	2247	2531	1889	1529	2057	2339	2589	2586	1522	2459	2130	1240	932	2507	2686	873	1359	1931	2399	2771	1689	2402	1328	536	2043	5865	1656	1809	541	663	510	667	1339	864	1932	2397	6131	1321	1297	1798	1789	1166	1360	1544	1567	2052	830	2227	1709	2197	1171	44	1376	1412	964	1548	2148	1890	2787	1751	577	498	1846	398	1691	1836	1536	853	1751	5240	1439	835	1421	984	1780	1029	1485	1488	1832	1379	1424	2126	2042	995	2037	2151	1911	2119	1574	2278	1332	1424	1175	2158	1755	1165	2049	1767	2187	1446	2390	1986	927	1939	1161	2155	1114	634	1370	1347	2073	916	2028	2420	2482	1396	2806	2115	1144	2495	1364	1456	1221	2181	1594	2284	1432	2021	1915	1467	2152	1473	1443	1264
2085	1105	2097	2291	2730	2118	1620	1450	1458	3264	3250	1938	2513	2470	1243	2406	2186	2561	2334	2449	2429	1629	0	3060	2141	6563	2141	3530	879	3822	2188	883	1762	1715	1193	1416	3582	2166	3503	1305	2329	2908	2477	2181	2739	1634	6187	1606	1472	2219	2692	4007	3245	6913	1717	3091	2626	1987	2035	3376	1447	1884	3472	3482	2658	2455	2518	3121	2988	2034	1547	2524	3556	2741	3581	3107	3214	3949	3434	1995	2015	2745	3576	3273	2118	2926	6176	1807	3232	2388	2899	2491	6233	3365	1437	2979	1806	3263	3195	3042	3123	6209	2986	3603	1695	7310	1231	3472	3255	2270	4008	1608	2726	3790	2310	2928	2819	1614	2297	631	3849	1674	1655	2105	4229	2186	3089	2106	2608	7042	6849	2871	1478	2385	1897	1570	1984	2218	1856	1668	1781	3529	2514	3584	2512	1405	3552	2723	1482	2128	2447	2928	7334	1846	2507	3594	2209	3321	2867	3576	3469	3468	1557	1073	2773	1863	1138	2310	2593	959	1627	2941	3586	1739	1972	2685	2175	3155	3573	2240	3541	2320	2804	1012	3555	2582	1636	2523	1773	945	1788	2525	3568	2339	2445	6531	2444	1837	637	4024	954	1205	1539	2917	2854	1808	916	2309	2520	1878	2284	2634	2826	2437	1491	3611	4193	2312	1900	1244	2544	3813	3396	2269	1100	2290	2290	1503	2441	1239	2353	2348	2258	2415	1822	1614	4266	1781	2832	3328	2362	2345	3732	2407	2422	1058	2769	2587	1331	1727	3634	3349	2707	2932	2852	2162	3311	2845	3541	2164	2174	1046	2734	1823	2886	1336	2928	3660	1165	1390	2241	3287	1930	2794	1344	1344	1468	2381	2255	2802	2381	1718	2261	906	2558	3778	2568	3038	3066	1686	2683	3061	3067	1591	1685	1408	3035	1351	2101	1683	1543	2099	3304	2485	2290	1631	1983	3000	3270	3502	1797	1542	1549	1335	1622	2165	1943	2812	1551	3728	1388	2923	2396	1980	1843	3378	3393	2300	1840	2468	3469	3719	3528	1922	3401	2541	1656	1940	3394	3816	1339	1758	2404	3286	3901	2161	3288	1786	1684	2544	6826	2543	2890	1689	1812	1658	1815	2447	1275	3062	3478	7092	1721	2405	1969	2676	2007	1986	2430	2453	2525	1616	3169	2817	3139	2177	1612	2457	2493	1572	2658	3035	2301	3868	2860	1561	1366	2319	1381	2163	2238	2666	1157	2859	6201	1813	1139	1795	1534	2861	1218	2129	2357	2813	1921	2430	3012	2571	1546	2714	3093	2842	2922	2377	3220	1094	2193	1197	3266	2671	1819	2522	2730	3073	2554	3520	2978	1106	2412	1831	2872	1336	1575	2257	2234	2959	860	3069	3550	3059	2282	3693	2588	1455	3625	1235	1076	1462	3074	1677	2912	2302	3063	3023	2353	3194	932	1754	2012
1465	3041	3021	3195	2552	3040	2915	2240	2247	1948	1192	2811	3371	3375	2506	2697	3046	3229	3246	2670	2652	1953	3049	0	1256	6019	2608	3102	2791	3031	2881	2681	2654	2505	2880	2571	2903	1219	1994	2993	3135	1690	1388	3105	2361	3007	5643	1930	2612	1374	2448	2491	2019	6369	1997	1864	1753	2819	1391	2832	2153	3109	2834	2845	2588	2476	2538	3660	2269	1522	1997	1607	2287	1619	2065	1881	1987	3405	1376	2738	1735	2553	2059	2047	3040	1745	5632	2731	2005	2585	627	2849	5689	1957	1974	1787	2343	1659	1687	2664	2368	5665	2891	3058	2125	6766	2330	2203	2029	3039	3517	1876	2330	1986	3116	655	1593	2104	2885	2723	2340	2336	2164	3046	3721	1709	2256	3119	1074	6498	6305	1877	2614	3134	3128	1862	2942	3122	2841	2330	2704	3004	2735	2068	2233	2507	1749	1238	2735	1785	2404	1701	6789	2848	2704	3183	4040	1262	615	3328	3362	1959	1881	2262	2565	2879	2521	2416	2683	2528	2463	690	2887	2275	2894	2552	2770	1096	2056	2964	3013	3013	1469	2512	2764	2649	2558	2503	2850	2235	2772	2623	2051	2388	2584	5987	2563	1467	3044	2507	2890	2190	2461	1978	2778	3039	2392	2557	2684	2654	2576	2464	2264	2613	2475	3234	2676	2586	1813	2291	2564	2296	3018	2595	2433	2608	2608	1795	2652	2248	2701	2705	2640	2677	2026	1919	2750	2007	3990	1270	1126	2797	1930	2685	1435	2793	2789	2665	2115	1798	2118	3239	2513	2514	2621	2629	3202	2615	3222	1564	2641	2879	2512	1582	2635	2262	2948	3412	2779	2201	2859	3000	2809	2474	2157	2157	2505	2684	2873	2488	2684	2949	1275	2510	1141	1719	2819	2983	3010	1978	1291	2586	2437	1844	1937	2198	2369	2165	2794	2668	2333	2959	1018	2947	1441	2421	2849	2405	2893	3222	2781	1954	1968	1872	1693	2738	2927	2683	2341	3184	1777	1984	3066	2510	2112	1869	3096	2993	2405	2925	2062	2003	3150	2430	2877	2877	2147	1744	3303	2381	2268	2266	3083	3276	2466	3085	3257	2235	1754	2830	6282	2564	397	1759	1882	1728	1885	1052	2260	1747	1420	6548	2229	857	3194	2696	1439	2268	2451	2474	2532	2322	2792	1666	2761	1333	1937	923	780	1796	711	2810	2994	1809	1390	1973	2284	2745	1793	3086	2706	1166	2345	2296	5657	2834	2327	2816	1857	514	2424	2392	2102	2197	2286	1435	2803	2397	1868	2520	2715	2175	2602	2420	2843	2727	2331	2580	1781	2319	2072	2452	2332	2849	908	2011	2259	2357	3101	2068	2638	2509	2030	2277	2254	2753	2311	2213	2143	2837	2331	3264	2775	2147	2116	2760	2851	2616	2445	2989	2690	2278	2294	207	2374	2425	2868	2319	2110
749	2218	2198	2390	2114	2218	2092	1488	1496	1409	1445	2038	2612	2570	1777	1875	2286	2660	2433	1847	1830	876	2226	1323	0	5530	1786	2459	1968	2784	2058	1883	1924	1753	2151	1748	2605	268	1648	2263	2312	1053	774	2282	1569	2278	5154	870	1789	754	1656	2153	1382	5880	845	1228	1116	2067	642	2343	1331	2286	2198	2208	1795	1724	1786	3221	1979	806	1174	954	1693	982	1727	1244	1351	2916	1629	1915	952	1844	1721	1410	2217	1630	5143	1908	1369	2147	1094	2440	5200	1510	1125	1673	1381	1408	1340	1872	2078	5176	2453	2569	1057	6277	1508	1609	1393	2216	3028	1053	1604	1936	2293	1122	956	1036	2062	1900	1994	1514	1189	2223	3232	1017	2030	2296	803	6009	5816	1240	1792	2311	2305	1039	2119	2317	2018	1507	1881	2368	1912	1730	1441	1685	1697	1123	1912	946	1581	1065	6300	2026	2266	2694	3217	1516	1061	2536	2570	1613	920	1439	2045	2056	1699	1593	2245	1706	1640	1136	2251	1314	2071	1982	2275	1350	1718	2340	2376	2190	1354	1783	2517	1826	1736	2065	2027	1506	1949	1800	1713	1566	1832	5498	1740	630	2221	2169	2067	1367	1638	1843	2340	2216	1570	1734	1861	1805	1753	2026	1714	1790	1652	2442	2338	1763	991	1562	1812	1958	2226	1772	1610	1786	1786	973	1829	1519	1878	1883	1818	1854	1156	1097	2412	1157	3167	1523	623	1975	1878	1862	822	1970	2038	1842	1386	904	1780	2447	1958	1932	2102	1806	2410	2095	2430	655	1818	2056	2074	658	2080	1533	2205	2620	1956	1472	2036	2208	1986	1919	1428	1428	1683	1862	2050	1921	1862	2126	661	1687	703	1972	2086	2191	2218	1155	828	2161	2122	1115	1208	1446	2054	1435	1972	1916	1581	2199	1498	2183	683	1669	2026	1824	2100	2430	1958	1131	1217	1049	870	1916	2104	2114	1589	2695	954	1849	2243	1758	960	1523	2303	2170	1653	2338	1614	1864	2358	1678	2232	2362	1395	881	2511	1961	1446	1515	2343	2484	2046	2262	2465	1484	931	2049	5793	1820	1085	937	1059	905	1062	746	1437	1208	1673	6059	1477	705	2371	1944	772	1516	1724	1747	2094	1499	1999	1551	1969	712	893	651	687	1067	852	2018	2171	2062	1275	1150	1271	2307	970	2263	1883	812	1522	1733	5168	2011	1504	1993	1128	1055	1601	1641	1310	1815	1535	782	2011	1959	1139	1965	1923	1861	2047	1677	2051	1905	1580	1757	1666	1527	1321	2014	1540	2056	791	1665	1969	1628	2403	1317	2083	1686	1207	1526	1503	1961	1488	2010	1695	2399	1551	2621	2337	1418	1771	1937	2028	1793	2130	2167	2212	1535	2004	1218	1622	2135	2046	1568	1381
5748	5955	5211	5023	4126	5049	5775	6036	6043	6291	6313	4639	5199	5203	6335	5258	4874	5057	5074	5165	5250	5510	6338	6037	5350	0	5227	7318	6355	4834	5031	6270	6483	6301	6580	5271	4523	5243	6530	6691	4961	5935	5656	5398	6428	6837	848	5487	5356	5643	6515	7035	6264	756	5508	6110	5998	6615	5676	3403	5710	5969	7080	7090	4939	6272	6334	4889	4046	5778	5554	5836	6575	5864	6609	6126	6233	3620	6497	5073	5811	4904	6603	6292	4974	4666	970	5375	6251	4413	5962	4677	896	6392	5530	4719	5900	6290	6222	6731	4134	970	4465	3247	5682	921	5771	6491	6274	4970	3733	5433	4646	6817	4953	5990	5838	5661	5088	6286	6876	5893	5721	5400	3645	5876	4334	5401	5685	1796	386	6122	5332	4933	5774	5419	5279	4950	5211	5887	4973	7257	5230	6612	4827	5208	6579	4900	5595	5125	5119	5947	1006	5184	4532	3694	6993	6383	5929	7395	7285	6495	5438	5670	4755	5242	6085	5221	4518	6092	5771	6003	7132	5832	4861	4609	4598	6217	6600	4792	7258	4909	4708	6228	4566	5110	5203	4270	5305	5951	5366	5107	6595	5217	6380	299	5356	5117	6117	7051	5867	5370	5001	4443	4368	5720	5465	5350	5221	5627	5369	4231	4454	5211	5634	7301	7220	5379	5132	6086	6360	6840	7085	5388	5505	5404	5404	5352	5196	6082	5333	5329	5372	5197	5302	5476	7293	5283	6851	6391	5342	5180	6759	5201	5059	5549	6585	5126	5945	5321	6661	7166	3873	4488	4812	5248	7128	4805	7289	5327	5260	5729	4114	5233	3994	6092	6744	7479	5639	6031	5034	7067	5241	3834	5987	5987	5267	5279	5048	4592	5279	5810	5160	5583	5585	6611	4719	6855	6882	5535	5710	4031	4187	5673	5767	5994	4235	5994	4936	6464	6129	4787	6366	4761	5166	6217	5184	4452	6960	7289	5296	5511	5764	5428	5250	5195	5292	4468	6137	3399	5334	4418	4905	6306	5623	6405	7163	4823	6201	4752	6496	6746	7217	6226	7091	4705	5943	5541	7210	6843	5767	6062	4911	7102	6928	5719	7105	6031	5311	4997	500	6360	5953	5316	5439	5285	5442	5427	5440	6089	6555	1846	6025	5386	6054	6492	5721	6064	6247	6270	4376	5879	6859	4460	6828	5601	5493	5533	5569	5667	5648	6877	4783	6717	4862	5529	5895	4573	5350	4952	5307	5694	5902	4354	1325	5534	5884	5516	5687	5923	5505	6188	6169	4152	6082	5664	6870	4020	5698	3880	6783	4175	3962	6277	6910	5618	6127	6144	5111	6386	5868	4088	6399	6916	5534	6547	4064	6073	4929	5864	3998	5209	5586	6073	6050	6821	5875	4408	6577	4411	6099	7481	4603	5977	6652	5620	5721	5316	4194	5825	4127	6136	4166	6001	6170	4297	5818	6115	5967
2107	1827	1022	1088	1527	860	1647	2095	2102	2849	2885	735	1310	1268	2174	319	984	1358	1131	383	342	1697	2160	2667	1748	5361	0	3588	2153	2620	470	2068	2485	2360	2378	1143	2380	1773	3088	2490	724	2493	2214	1210	2699	2819	4984	1674	1085	2112	2724	3593	2822	5710	1693	2668	2519	2831	2000	2174	1524	1841	3530	3540	681	2488	2550	1918	1786	2048	1183	2394	3133	2422	3167	2684	2791	2746	3069	327	2082	710	3161	2850	684	1878	4974	1247	2809	1009	2534	926	5030	2950	1505	1931	1875	2848	2780	3002	1920	5007	1784	2400	1740	6107	1677	3049	2832	628	2805	1544	887	3375	705	2562	2396	1682	352	2085	3434	1135	1723	635	3026	2146	1887	709	2243	5839	5646	2680	1123	723	1586	1460	660	1015	465	1128	548	3527	448	3170	831	1079	3137	1816	1467	1340	578	2505	6131	429	1117	2391	2864	2955	2501	3609	3501	3053	1625	1345	834	815	1883	450	1121	1890	921	2575	3644	1807	714	867	973	2789	3158	1038	3546	541	1826	2026	2352	494	1074	1331	810	1750	429	437	3153	479	2596	5329	352	1453	1939	3609	1738	1094	872	1869	1652	1531	1288	264	454	564	283	1486	1170	350	782	3571	3778	202	1316	1884	2576	3398	3356	159	1328	180	180	1571	373	1880	245	241	148	349	1284	1428	3852	1265	2722	2963	1969	264	3318	341	1518	1420	2801	510	1976	1509	3220	3382	1504	1190	786	65	3344	779	3560	1568	169	1601	1532	1617	1684	1980	2960	3693	1511	2035	309	3337	355	1591	1989	1989	1139	293	339	984	293	1681	1619	1406	2143	3412	645	3071	3098	1453	2268	1859	1864	1889	1983	2053	1878	1996	384	2680	2188	897	2938	634	1625	2276	438	1340	3230	3559	550	1188	1980	1403	1434	205	638	1124	2196	2525	1456	1876	580	2521	1808	2963	3433	583	2417	750	3054	3304	3488	2441	3361	823	2159	1885	3426	3401	1175	2278	755	3318	3486	1530	3321	2247	1495	478	5624	2575	2525	1501	1623	1469	1626	2054	1120	2647	3113	5889	2240	2013	1926	2708	2068	2279	2463	2486	1161	1768	3129	1689	3099	2070	1681	2091	2127	1883	2264	3067	583	3502	1913	1232	1953	1116	1434	792	151	2252	1877	1587	4999	1406	1859	1388	1903	2495	1137	2404	2407	1678	2298	2222	3045	1368	1914	1511	3053	1684	1719	2493	3180	1490	2343	1942	2339	2657	2084	1320	2669	3106	2161	3105	1775	1872	815	2080	1669	1081	1160	2289	2266	2992	1673	1867	3135	1856	2315	3751	1385	2099	3210	1492	1592	1188	1872	1696	1710	2351	1860	2630	2386	1991	1689	2331	2183
2178	4079	4059	4251	3935	4078	3953	2478	2492	2392	2313	3898	4473	4431	2933	3638	4147	4521	4294	3610	3593	2712	3630	3148	2400	7351	3549	0	3406	4605	3822	3243	2829	2530	3201	3609	4426	2486	1942	3234	4075	2068	2373	4143	1370	3249	6975	2706	3650	2185	1457	2236	1450	7701	2680	1386	2012	2610	2128	4164	3191	4147	368	379	3559	1547	1609	5043	3800	1915	3035	2098	1707	1878	2037	1360	1403	4737	2140	3679	1854	3608	1975	1463	4035	3562	6964	3769	1421	3968	2892	4203	7021	1907	2961	3615	3217	1689	1784	1010	3899	6997	4274	4390	2892	8098	3369	1623	2025	3980	4849	2877	3368	2216	4056	2920	1612	2871	3826	3292	2288	3375	3024	3986	5053	1816	3851	4060	2372	7692	7637	1847	3652	4074	4166	2900	4012	4178	3816	3368	3742	459	3675	2042	3204	3546	1979	3180	3773	2726	3344	1548	8121	3789	4087	4515	4543	2290	2511	1358	1434	1907	2755	3300	3817	3917	3075	3357	4066	3079	3501	2585	478	3149	3932	3803	4136	2551	1909	4201	509	3954	3411	3074	4338	3589	3596	3886	3888	2797	3825	3564	1949	3329	1508	7319	3503	2505	4014	2253	3928	3228	3499	3606	4161	4077	3431	3497	3625	3626	3516	3847	3516	3553	3513	1005	2422	3527	2829	2874	1392	2041	832	3535	3471	3549	3549	2833	3592	2831	3642	3646	3581	3618	2991	2957	2495	2993	5028	2391	2587	3738	2160	3626	2879	3831	1197	3605	2697	2739	2092	1362	3779	3753	3874	3570	1358	3867	1096	2719	3582	3917	3895	2493	3901	2727	1187	1272	3817	2628	3799	1123	3750	3740	2584	2584	3543	3625	3813	3742	3625	3987	2719	3548	2159	2348	3849	1214	1241	3016	2034	3982	3943	2426	2520	2485	3875	2527	3735	2680	2450	4060	3379	3946	2747	2481	3790	3645	758	1183	3819	2992	2274	2910	2719	3679	3965	3935	2394	4516	2815	3613	4006	2522	2795	1817	907	3934	2417	4102	2011	2158	786	2442	567	4125	2159	2327	1427	1609	3306	2279	4106	1409	1694	4123	1380	2275	2780	3813	7614	1640	2907	2786	2908	2754	2911	2768	3298	2191	2288	7692	2241	2705	4232	1448	2031	2280	1640	1686	3915	3296	969	3507	939	2167	2729	2478	2540	2177	2679	1041	3935	2396	3332	3011	2866	4128	2831	4143	3646	2354	2973	3554	6989	3872	2955	3854	2296	2734	3462	2034	1641	3636	1928	2105	1018	3780	2315	3786	893	3682	3868	2003	847	3766	1973	3134	3723	1328	2085	3835	1341	1079	2756	1959	3790	2919	4166	2283	3904	3547	3068	1785	1762	965	2862	3831	2092	4220	1811	273	4158	2489	2064	3798	3889	3654	3951	4028	4033	1988	3825	3040	1881	3956	3906	2332	1974
1823	1731	2099	2291	2731	2119	2074	1189	1196	2984	2989	1939	2514	2471	982	2379	2187	2561	2334	2481	2402	1371	879	2802	1883	6453	2214	3269	0	3652	2251	626	1504	1454	936	1649	3524	1908	3223	1047	2330	2628	2216	2183	2477	1377	6076	1348	1690	1957	2430	3728	2984	6802	1459	2829	2364	1772	1774	3266	1359	2187	3210	3221	2568	2194	2256	3122	2847	1772	1289	2262	3294	2480	3302	2846	2952	3838	3173	2057	1754	2656	3296	3012	2118	2668	6066	1809	2970	2389	2638	2492	6122	3085	1179	2721	1549	2983	2915	2780	2946	6099	2987	3492	1429	7199	1467	3210	2994	2271	4009	1350	2417	3510	2310	2667	2558	1356	2360	334	3569	1417	1397	2141	4154	1925	2898	2142	2347	6931	6738	2609	1693	2386	2206	1312	2020	2218	1919	1410	1782	3268	2545	3305	2254	1586	3272	2465	1813	1871	2357	2666	7223	1909	2508	3594	2045	3060	2605	3315	3208	3188	1299	1616	2774	1958	1012	2220	2594	887	1685	2680	3325	1481	1972	2686	2176	2894	3293	2241	3279	2383	2546	940	3384	2510	1637	2524	1929	844	1850	2484	3288	2249	2184	6421	2355	1579	1263	3744	1579	1268	1539	2659	2855	2117	1471	2219	2532	1788	2195	2634	2569	2410	1553	3350	3913	2260	1642	978	2282	3533	3134	2217	1511	2238	2238	1245	2433	974	2303	2299	2206	2459	1564	1356	3986	1523	2673	3067	2104	2419	3452	2467	2164	1684	2508	2525	1070	1469	3354	3088	2707	2819	2925	2235	3050	2919	3280	1906	2247	1672	2735	1566	2887	1074	2667	3399	1791	1129	2304	3025	1993	2795	1083	1083	1584	2353	2317	2793	2353	2027	2004	1531	2278	3516	2631	2777	2804	1428	2403	3062	3023	1330	1423	1147	2956	1090	2164	1468	1282	2100	3043	2548	2032	1370	2046	2710	3009	3240	1859	1285	1288	1077	1365	2228	2005	2812	1290	3617	1130	2666	2459	1722	1585	3098	3131	2363	1579	2531	3189	3439	3266	1660	3140	2603	1395	1679	3133	3536	1605	1497	2405	3025	3621	2163	3027	1524	1426	2617	6716	2282	2629	1431	1554	1400	1557	2189	1338	2782	3217	6981	1459	2148	2272	2414	1745	1725	2169	2192	2526	1472	2908	2559	2877	1916	1354	2196	2232	1311	2397	2773	2364	3606	2602	1303	1101	2320	1124	2164	2312	2387	1032	2601	6090	1913	1014	1894	1273	2600	1503	1867	2096	2682	1660	2169	2751	2571	1285	2715	2832	2762	2923	2116	2959	1719	1931	1071	3008	2410	1558	2523	2468	2812	2296	3240	2837	844	2413	1570	2872	1588	1317	1996	1973	2698	788	2878	3270	3060	2021	3432	2589	1193	3345	1861	1702	1694	3031	2068	2913	2041	2872	2765	2092	3002	1558	1492	1751
3135	3353	2609	2421	1553	2447	3173	3410	3418	3679	3700	2037	2596	2601	3712	2545	2272	2455	2472	2461	2500	2853	3735	3148	2738	4860	2652	4706	3691	0	2429	3606	3858	3675	3916	2669	1017	2631	3917	4027	2359	3323	3044	2796	3816	4212	4484	2830	2754	3030	3903	4422	3652	5210	2851	3497	3386	3989	3063	1673	3053	3367	4467	4478	2189	3646	3708	2885	1210	3166	2897	3223	3962	3252	3996	3514	3620	2246	3884	2471	3199	2154	3991	3680	2371	1776	4473	2773	3638	1811	3349	2075	4530	3779	2873	1830	3243	3678	3610	4119	1304	4506	1892	1900	3024	5607	3168	3878	3662	2368	2359	2776	1896	4205	2350	3378	3226	3003	2486	3622	4264	3313	3064	2797	2562	3263	889	2799	3072	5339	5146	3509	2730	2331	3172	2762	2677	2348	2609	3306	2371	4645	2526	3999	2077	2605	3967	2011	2993	2468	2369	3334	5631	2582	1929	2024	4390	3771	3274	4783	4660	3883	2781	3068	2101	2640	3421	2471	1909	3428	3169	3348	4520	3175	2259	1990	1996	3605	3988	2190	4646	2307	1819	3564	878	2360	2601	1697	2703	3288	2764	2357	3983	2467	3754	4829	2606	2505	3514	4439	3265	2767	2399	1277	1795	3118	2863	2600	2471	2877	2619	1659	1800	2460	3032	4689	4608	2629	2475	3422	3734	4228	4473	2638	2903	2652	2652	2695	2499	3418	2586	2582	2649	2525	2645	2819	4681	2626	4249	3778	2730	2577	4147	2533	2447	2946	3960	2376	3319	2664	4049	4540	1300	1739	2158	2680	4502	2151	4677	2696	2684	3127	1541	2620	1421	3466	4119	4867	3037	3405	2432	4455	2639	1261	3361	3361	2665	2532	2446	1996	2532	3207	2548	2981	2973	4228	2117	4229	4256	2878	3098	1347	1396	3048	3141	3368	1328	3369	2333	3838	3503	2185	3754	2159	2554	3591	2582	1683	4347	4677	2694	2854	3139	2771	2592	2593	2690	1850	3511	2025	2677	1246	2303	3680	2966	3792	4550	2221	3575	2150	3884	4134	4605	3600	4479	2102	3317	2929	4585	4231	3168	3437	2308	4477	4316	3116	4479	3406	2654	2395	5124	3734	3279	2659	2781	2628	2785	2815	2838	3477	3928	5389	3399	2773	3452	3866	3109	3438	3621	3644	1757	3221	4246	1571	4216	2989	2836	2921	2957	3042	3036	4264	2180	4318	1973	2872	3238	1970	2693	2350	2637	3081	3245	1523	4498	2932	3227	2914	3061	3316	2902	3563	3556	1383	3457	3052	4203	1447	3073	1307	4170	1270	1389	3651	4297	3016	3502	3480	2221	3774	3243	1515	3787	4303	2922	3935	1200	3409	2327	3239	1425	2607	3002	3448	3425	4150	3211	1040	3965	1838	3473	4868	2000	3351	4040	3018	3118	2714	1403	3222	1554	3510	1147	3112	3544	1203	3216	3490	3342
2345	1915	1111	1002	1397	949	1735	2249	2257	3087	3123	500	1224	1181	2328	567	898	1272	1045	501	589	1847	2228	2905	1986	5231	537	3826	2308	2490	0	2222	2640	2515	2532	1231	2250	2011	3326	2644	318	2731	2452	1298	2936	2973	4854	1825	1129	2350	2962	3830	3060	5580	1936	2905	2757	3090	2238	2044	1684	1929	3767	3778	846	2726	2788	1758	1681	2286	1492	2631	3370	2660	3404	2922	3028	2616	3307	356	2319	875	3399	3088	569	1994	4844	1335	3046	803	2772	677	4900	3188	1656	2048	2025	3086	3018	3239	1790	4877	1654	2270	1890	5977	1724	3286	3070	236	2675	1793	1124	3613	299	2800	2634	1832	318	2239	3672	1444	1873	652	2896	2384	1757	725	2481	5709	5516	2918	1167	374	1674	1709	677	929	494	1437	636	3765	566	3407	1069	1167	3375	2053	1555	1578	743	2742	6001	466	885	2261	2952	3193	2739	3846	3739	3291	1775	1412	934	844	2038	687	873	2045	1054	2813	3882	1957	812	847	625	3027	3396	951	3784	352	2064	2181	2222	651	1163	1108	839	1904	649	602	3391	717	2834	5199	754	1691	2007	3847	1853	1162	961	1772	1521	1620	1355	769	573	912	788	1280	1286	532	917	3809	4016	626	1554	2039	2814	3636	3593	655	1396	603	603	1722	493	2035	591	586	572	468	1558	1686	4089	1539	2811	3201	2207	424	3555	460	1756	1508	3039	640	2131	1732	3457	3619	1374	1161	902	524	3581	895	3797	1806	572	1689	1402	1855	1554	2135	3198	3930	1599	2189	264	3575	524	1461	2143	2143	1227	537	278	963	537	1769	1857	1473	2381	3650	601	3309	3336	1702	2506	1729	1703	2127	2221	2208	1629	2151	115	2939	2342	810	3176	519	1863	2430	467	1229	3468	3797	579	1497	2218	1554	1672	369	666	956	2351	2395	1607	1747	429	2759	2061	3201	3671	309	2639	462	3292	3542	3725	2679	3599	574	2396	2123	3664	3639	1243	2516	454	3556	3724	1618	3558	2485	1733	626	5494	2813	2763	1738	1861	1707	1864	2292	1188	2885	3351	5759	2478	2250	2014	2946	2306	2517	2700	2723	938	1852	3367	1789	3336	2308	1831	2329	2365	2121	2501	3305	335	3740	2151	1541	2104	962	1600	771	540	2489	2027	1566	4869	1494	2009	1476	2140	2733	1181	2642	2644	1448	2536	2460	3283	1238	2152	1381	3290	1436	1589	2731	3418	1578	2581	2097	2439	2894	2322	1190	2907	3344	2399	3343	1671	2026	466	2318	1539	1169	1469	2527	2504	3229	1828	1737	3373	1726	2552	3989	1231	2254	3448	1580	1680	1276	1711	1784	1580	2589	1730	2868	2623	1861	1778	2553	2421
1692	1751	1979	2171	2611	1999	1873	1057	1065	2871	2857	1819	2393	2351	680	2259	2067	2441	2214	2361	2282	1251	899	2682	1763	6333	2094	3137	641	3532	2131	0	1071	1117	503	1529	3404	1788	3109	615	2209	2515	2084	2063	2346	944	5956	1228	1570	1825	2298	3614	2852	6682	1349	2698	2233	1424	1642	3145	1236	2067	3079	3089	2448	2062	2124	3002	2727	1640	1169	2130	3162	2348	3188	2714	2820	3718	3041	1937	1622	2536	3183	2880	1998	2548	5945	1689	2838	2269	2506	2372	6002	2971	1031	2601	1378	2870	2802	2648	2826	5978	2867	3372	1192	7079	1347	3078	2862	2151	3889	1230	2297	3397	2190	2535	2426	1208	2240	572	3456	1296	1239	2021	4034	1793	2778	2022	2215	6811	6618	2477	1573	2266	2086	1192	1900	2098	1799	1290	1662	3136	2425	3191	2134	1466	3159	2345	1693	1751	2237	2534	7103	1789	2388	3474	1851	2928	2474	3183	3076	3075	1179	1530	2653	1837	892	2100	2474	899	1565	2548	3193	1318	1852	2566	2056	2762	3180	2121	3147	2263	2426	758	3264	2390	1517	2404	1808	614	1730	2364	3175	2129	2052	6301	2234	1459	1283	3631	1599	1148	1419	2539	2735	1997	1351	2099	2412	1668	2074	2514	2449	2290	1433	3218	3800	2140	1522	710	2150	3420	3003	2097	1391	2118	2118	1125	2313	737	2183	2179	2086	2339	1444	1236	3873	1403	2480	2935	1984	2299	3339	2346	2044	1704	2376	2405	938	1349	3241	2956	2587	2699	2805	2115	2918	2799	3148	1786	2127	1692	2615	1445	2767	943	2535	3267	1811	912	2183	2894	1873	2675	941	941	1464	2233	2197	2673	2233	1907	1883	1468	2165	3385	2510	2645	2672	1308	2290	2942	2903	1198	1292	1015	2835	949	2044	1166	1150	1980	2911	2428	1912	1098	1925	2590	2877	3108	1739	1164	1156	957	1245	2108	1885	2692	1158	3497	1010	2545	2338	1289	1454	2984	3000	2243	1255	2411	3076	3326	3135	1422	3008	2483	1263	1547	3001	3423	1484	1353	2285	2893	3508	2043	2895	1393	1306	2497	6596	2150	2497	1311	1434	1280	1437	2069	1218	2669	3085	6861	1342	2027	2152	2282	1613	1593	2037	2060	2406	1235	2776	2439	2746	1784	1234	2064	2100	1179	2265	2641	2244	3474	2482	1183	864	2199	1004	2044	2192	2273	911	2481	5970	1792	893	1774	1141	2468	1382	1735	1964	2562	1528	2037	2619	2451	1153	2595	2700	2642	2803	1984	2827	1739	1800	951	2888	2278	1426	2403	2337	2680	2176	3127	2717	542	2292	1438	2752	1467	1197	1864	1841	2566	682	2758	3157	2940	1889	3300	2469	1061	3232	1718	1722	1574	2911	1948	2793	1909	2751	2630	1960	2882	1578	1361	1619
1682	2461	2441	2633	3073	2461	2335	649	663	2865	2848	2281	2855	2813	766	2721	2529	2903	2676	2823	2744	1672	1762	2726	1980	6672	2556	2749	1504	3871	2593	1056	0	487	875	1991	3743	2159	3042	908	2671	2448	2074	2525	1988	923	6295	1696	2032	1816	1910	3547	2730	7021	1658	2576	2111	1019	1632	3485	1545	2529	2690	2701	2872	1674	1736	3464	3066	1631	1615	2094	3041	2207	3121	2593	2699	4057	3031	2399	1612	2877	3116	2759	2460	2898	6285	2151	2717	2731	2497	2834	6341	2904	1340	2951	1687	2802	2735	2290	3165	6318	3329	3711	1501	7418	1778	2957	2741	2613	4170	1705	2636	3330	2652	2525	2305	1517	2702	1435	3388	1758	1548	2483	4373	1743	3117	2484	2205	7150	6957	2280	2035	2728	2548	1667	2362	2560	2261	1752	2124	2748	2887	3124	2473	1928	3091	2723	2155	2090	2657	2413	7442	2251	2850	3836	2714	2918	2464	2795	2688	3008	1646	1839	3089	2299	1323	2562	2936	1326	2027	2538	2805	1627	2314	3028	2518	2752	3112	2583	2759	2725	2776	1252	3603	2852	1979	2866	2270	1045	2192	2826	3107	2591	1639	6640	2696	1829	2146	3563	2310	1610	1881	2878	3197	2459	1813	2561	2874	2130	2536	2976	2788	2752	1895	2815	3732	2602	1982	1156	1762	3352	2600	2559	1853	2580	2580	1600	2775	1113	2645	2641	2548	2801	1919	1711	3806	1878	3343	2925	2292	2761	3272	2808	2415	2213	1988	2867	1104	1824	3174	2568	3049	3038	3145	2577	2530	3139	2760	2157	2589	2299	3077	1815	3221	800	2147	2879	2199	701	2645	2505	2335	3061	642	642	1926	2695	2659	3013	2695	2369	2254	1930	2155	3375	2972	2257	2284	1783	2280	3302	3243	1218	1312	721	3175	650	2506	868	623	2442	2901	2890	2283	468	2387	2929	2474	2720	2201	1572	910	1365	1720	2570	2347	3154	550	3836	1485	2885	2800	787	1763	2917	2611	2705	625	2873	3009	3258	2732	913	2606	2945	791	1537	2613	3355	1910	723	2747	2505	3440	2505	2507	920	1781	2959	6935	1762	2487	1786	1909	1755	1912	2440	1680	2663	3075	7200	712	2393	2614	1894	1604	1162	1649	1672	2868	1544	2418	2778	2388	1774	1628	2054	2090	1130	2255	2253	2706	3465	2821	1591	1173	2661	1411	2506	2654	2264	1220	2820	6310	2254	1202	2236	1092	2458	1844	1322	1533	2901	1114	2001	2231	2913	1103	3057	2342	2981	3189	1577	2469	2148	1386	1382	3259	1893	967	2865	1905	2292	2372	3059	3056	997	2754	1127	3214	1929	1648	1474	1450	2178	1109	3097	3090	3402	1499	2912	2931	800	3165	2180	2271	2036	3250	2410	3255	1478	3091	2621	1570	3221	2289	947	1287
1504	2410	2389	2582	3021	2409	2283	371	385	2508	2670	2229	2804	2762	812	2670	2478	2852	2625	2662	2644	1621	1808	2548	1757	6424	2505	2393	1550	3623	2541	1102	487	0	921	1940	3495	1911	2686	954	2620	2091	1896	2473	1631	969	6047	1644	1981	1638	1554	3191	2374	6773	1607	2220	1755	1024	1454	3236	1494	2478	2334	2345	2606	1318	1380	3412	2818	1453	1564	1738	2685	1851	2765	2236	2343	3809	2853	2348	1374	2628	2759	2402	2409	2650	6036	2099	2361	2679	2319	2783	6093	2548	1289	2703	1636	2446	2378	1934	2917	6069	3277	3463	1450	7170	1726	2601	2385	2561	3922	1654	2388	2973	2601	2347	1948	1466	2650	1481	3032	1707	1497	2431	4125	1382	2869	2433	2027	6902	6709	1924	1983	2676	2497	1615	2311	2509	2209	1701	2073	2392	2727	2768	2225	1876	2735	2475	2104	1842	2396	2057	7194	2199	2798	3587	2761	2740	2286	2439	2331	2651	1595	1788	2841	2248	1271	2390	2885	1275	1976	2360	2449	1575	2263	2828	2466	2574	2756	2532	2403	2673	2528	1270	3355	2641	1927	2814	2219	994	2141	2615	2751	2380	1327	6392	2524	1581	2192	3207	2259	1558	1830	2630	3145	2408	1761	2510	2676	2079	2485	2925	2540	2605	1844	2459	3376	2551	1734	1128	1406	2996	2244	2508	1801	2528	2528	1549	2644	1122	2594	2589	2497	2669	1868	1659	3450	1827	3389	2747	2114	2709	2916	2677	2166	2161	1631	2657	1053	1773	2818	2212	2851	2790	2897	2525	2174	2891	2403	1908	2537	2248	2983	1567	2973	836	1790	2523	2147	736	2594	2149	2283	2812	630	630	1874	2644	2608	2764	2644	2318	2006	1879	1977	3104	2897	1901	1928	1731	2102	3054	2994	1219	1313	444	2926	530	2455	873	343	2391	2723	2838	2035	172	2336	2681	2118	2364	2150	1521	645	1313	1668	2518	2296	2959	272	3588	1434	2636	2749	715	1711	2561	2255	2654	268	2821	2652	2902	2376	557	2249	2894	479	1359	2256	2999	1859	367	2696	2148	3084	2454	2151	608	1730	2864	6687	1406	2309	1735	1857	1703	1861	2192	1629	2307	2897	6952	356	2150	2562	1538	1426	805	1293	1316	2816	1492	2061	2530	2031	1596	1576	1876	1912	981	2077	1897	2654	3152	2573	1539	1122	2610	1360	2455	2602	2086	1169	2572	6061	2203	1151	2185	897	2280	1793	1010	1176	2653	802	1644	1875	2862	873	2859	1985	2733	2940	1248	2113	2096	1074	1330	3011	1537	639	2814	1549	1936	2194	2703	2808	1044	2703	815	2976	1878	1596	1119	1096	1822	1058	2849	2733	3307	1145	2555	2879	685	2808	2128	2220	1985	3002	2358	3106	1121	2842	2443	1216	2973	2237	635	975
1875	2045	2274	2466	2905	2293	2168	1083	1097	3054	3041	2113	2688	2646	863	2554	2362	2736	2509	2655	2577	1546	1193	2919	2058	6627	2389	3072	936	3827	2426	488	875	921	0	1824	3699	2083	3293	456	2504	2698	2267	2358	2310	748	6251	1523	1865	2009	2233	3797	3035	6977	1532	2881	2416	1228	1825	3440	1419	2362	3013	3024	2746	1997	2059	3296	3022	1824	1489	2314	3346	2530	3372	2897	3004	4013	3224	2232	1805	2810	3366	3063	2293	2843	6240	1984	3022	2563	2690	2667	6297	3155	1214	2896	1562	3053	2985	2613	3121	6273	3162	3667	1376	7374	1652	3262	3045	2446	4183	1525	2629	3580	2485	2718	2609	1391	2535	867	3639	1591	1422	2316	4329	1976	3072	2317	2398	7106	6913	2603	1867	2561	2381	1487	2195	2393	2094	1585	1957	3071	2720	3375	2429	1760	3342	2640	1988	2045	2531	2718	7398	2084	2682	3769	2146	3111	2657	3118	3010	3258	1474	1713	2948	2132	1197	2395	2769	1118	1860	2731	3128	1501	2147	2861	2351	2945	3363	2416	3082	2558	2721	941	3559	2684	1811	2698	2103	797	2025	2659	3358	2424	2015	6595	2529	1753	1578	3814	1894	1443	1714	2833	3030	2292	1645	2394	2707	1963	2369	2809	2743	2585	1728	3138	3983	2435	1817	893	2085	3603	2923	2392	1686	2413	2413	1420	2608	921	2478	2473	2381	2634	1739	1531	4056	1698	2774	3118	2279	2593	3522	2641	2339	1999	2311	2700	1122	1644	3424	2891	2882	2994	3100	2410	2853	3093	3083	2081	2422	1987	2910	1740	3062	1107	2470	3202	2106	1007	2478	2828	2167	2969	949	949	1758	2528	2492	2968	2528	2202	2178	1763	2348	3568	2805	2580	2607	1602	2473	3237	3198	1381	1475	1053	3130	957	2339	1077	1057	2275	3094	2722	2207	902	2220	2885	2797	3043	2034	1446	1216	1239	1539	2402	2180	2987	984	3792	1305	2840	2633	1093	1637	3168	2934	2538	1059	2705	3259	3509	3055	1225	2928	2778	1225	1730	2936	3606	1784	1157	2580	2828	3691	2338	2830	1355	1601	2792	6890	2085	2680	1606	1728	1575	1732	2364	1513	2852	3268	7156	1146	2322	2447	2217	1797	1485	1972	1995	2700	1418	2741	2734	2710	1967	1502	2247	2283	1362	2448	2576	2539	3658	2776	1465	1047	2494	1285	2339	2486	2457	1094	2776	6265	2087	1076	2069	1325	2651	1677	1699	1856	2857	1491	2220	2554	2746	1336	2889	2665	2936	3097	1927	2792	2034	1763	1256	3183	2216	1318	2698	2228	2615	2471	3310	3011	725	2587	1561	3047	1762	1492	1799	1775	2501	977	3053	3340	3234	1824	3234	2763	1107	3415	2013	2017	1869	3206	2242	3088	1801	3046	2814	1895	3177	1873	1381	1651
2010	853	818	1168	1607	995	814	1503	1510	2714	2750	815	1390	1348	1582	1352	1064	1438	1211	1395	1375	1101	1416	2532	1613	5441	1087	3413	1561	2700	1150	1476	1893	1768	1786	0	2460	1638	2953	1898	1206	2358	2079	902	2600	2227	5064	1078	579	2015	2574	3457	2687	5790	1189	2533	2422	2343	1904	2254	937	877	3354	3365	1583	2338	2400	1998	1866	1949	1041	2258	2997	2287	3032	2549	2655	2826	2934	933	1958	1670	3026	2715	995	2204	5054	528	2673	1265	2399	1369	5110	2815	909	2257	1278	2713	2645	2902	2000	5087	1863	2480	1143	6187	977	2913	2697	1147	2885	1080	1672	3240	1187	2427	2261	1086	1259	1492	3299	1165	1127	1017	3106	2047	1966	1019	2108	5919	5726	2545	555	1263	835	1042	897	1095	1029	1158	659	3428	1459	3035	1617	157	3002	2195	489	1601	1372	2369	6211	1068	1384	2471	2032	2820	2366	3459	3351	2918	1029	876	1650	834	1291	1235	1471	1298	998	2440	3469	1211	849	1563	1052	2654	3023	1118	3447	1282	2247	1434	2432	1528	463	1400	786	1158	1009	1471	3018	1264	2446	5409	1369	1309	1100	3474	765	576	416	1981	1732	730	671	1319	1466	1249	1338	1511	2050	1383	861	3472	3643	1258	1372	1292	2426	3263	3257	1215	711	1236	1236	975	1386	1288	1299	1294	1204	1361	1294	1086	3716	1253	1890	2828	1834	1291	3182	1353	1894	446	2652	1533	1384	1199	3084	3232	1584	1809	1709	1107	3194	1702	3424	1636	1119	627	1612	1295	1764	1388	2811	3543	568	1443	1202	3169	1101	1671	1396	1396	446	1326	1216	1679	1326	701	1733	774	2008	3277	1529	2921	2948	1158	2133	1939	1944	1644	1737	1461	1913	1404	1063	2192	1596	977	2803	1447	1762	1684	1044	1877	3131	3384	956	1014	1601	807	1095	1127	910	1689	1604	2605	860	1957	1357	2054	1315	2828	3275	1262	1893	1430	2919	3169	3389	1974	3262	1440	1709	1724	3277	3266	973	1811	1282	3168	3351	882	3171	1838	1156	1489	5704	2426	2390	1161	1284	1130	1287	1919	646	2512	2978	5969	1773	1877	962	2558	1949	2039	2313	2336	1402	1106	3030	1999	3000	1974	1084	1956	1992	1625	2129	2917	1263	3367	2332	1033	1357	1196	854	1041	1184	2117	1280	1892	5078	571	1263	553	1587	2360	728	2181	2257	1691	1974	2087	2895	1448	1598	1591	2954	1719	1799	2343	3081	516	2194	1350	2649	2557	1872	1400	2570	2956	2026	2970	1855	1280	1289	1884	1749	144	1022	2140	2116	2842	1081	1947	3000	1936	2165	3575	1465	1507	3075	587	618	97	1952	681	1789	2202	1940	2495	2236	2071	715	1806	2033
2903	3104	2360	2173	1275	2198	2925	3191	3199	3447	3468	1788	2348	2352	3491	2419	2023	2206	2223	2315	2373	2666	3487	3021	2506	4583	2376	4474	3504	1017	2181	3419	3639	3457	3729	2420	0	2399	3685	3841	2110	3091	2812	2547	3584	3993	4206	2643	2505	2798	3671	4190	3420	4932	2664	3265	3154	3771	2831	1326	2866	3119	4235	4246	2062	3428	3490	2637	1004	2934	2710	2991	3730	3020	3764	3282	3388	1968	3652	2223	2967	2027	3759	3448	2123	1650	4195	2524	3406	1562	3117	1826	4252	3547	2686	1703	3056	3446	3378	3887	912	4228	1614	1622	2837	5329	2920	3646	3430	2119	2099	2589	1770	3973	2102	3146	2994	2816	2237	3435	4032	3049	2876	2549	2284	3031	762	2550	2840	5061	4868	3277	2482	2082	2923	2575	2428	2100	2360	3043	2122	4413	2379	3767	1950	2357	3735	1884	2745	2281	2242	3102	5353	2333	1681	1731	4142	3539	3085	4551	4441	3651	2594	2819	1911	2392	3234	2345	1667	3241	2920	3159	4288	2988	2011	1774	1747	3373	3756	1941	4414	2058	1692	3377	442	2233	2352	1419	2454	3101	2516	2230	3751	2341	3536	4551	2479	2273	3266	4207	3016	2519	2150	1151	1517	2869	2614	2473	2345	2750	2492	1381	1610	2334	2784	4457	4376	2503	2287	3235	3516	3996	4241	2511	2654	2525	2525	2508	2345	3231	2459	2455	2522	2346	2458	2632	4449	2439	4000	3546	2498	2329	3915	2350	2215	2698	3741	2249	3100	2477	3817	4322	1022	1613	1967	2397	4283	1961	4445	2482	2409	2878	1263	2388	1144	3248	3900	4635	2789	3186	2184	4223	2391	983	3142	3142	2416	2405	2197	1757	2405	2959	2316	2732	2741	3996	1868	4011	4038	2691	2866	955	1189	2829	2923	3150	1121	3150	2085	3620	3285	1936	3522	1910	2322	3372	2334	1556	4115	4445	2446	2666	2920	2584	2405	2344	2441	1633	3293	1747	2490	1119	2054	3461	2779	3560	4318	1973	3357	1902	3652	3902	4373	3381	4247	1854	3098	2697	4366	3999	2916	3218	2060	4258	4084	2868	4261	3187	2467	2146	4846	3515	3108	2472	2594	2440	2598	2583	2589	3245	3696	5111	3180	2541	3204	3648	2877	3219	3402	3425	1541	3034	4014	1444	3984	2757	2649	2689	2725	2823	2804	4032	1932	4086	1846	2685	3051	1722	2506	2102	2456	2849	3058	1397	4220	2684	3040	2666	2843	3079	2654	3344	3324	1256	3238	2820	4026	1169	2854	1029	3938	1144	1111	3433	4065	2768	3283	3293	2095	3542	3024	1238	3555	4071	2690	3703	993	3223	2078	3020	1147	2359	2742	3229	3206	3976	3024	914	3733	1539	3255	4636	1752	3132	3808	2770	2870	2466	1197	2974	1249	3291	1030	2985	3325	1053	2967	3271	3123
842	2215	2195	2387	1976	2214	2089	1617	1624	1385	1401	2034	2609	2567	1883	1871	2283	2653	2430	1844	1826	1108	2223	1279	265	5392	1782	2441	1965	2647	2055	1880	2031	1882	2190	1745	2467	0	1624	2302	2309	1030	751	2278	1738	2384	5016	1102	1786	737	1825	2129	1358	5742	1076	1204	1092	2196	770	2205	1327	2283	2174	2185	1792	1853	1915	3084	1842	899	1171	930	1669	958	1703	1221	1327	2778	1585	1912	1112	1777	1698	1387	2214	1604	5005	1905	1345	2009	1050	2274	5062	1486	1147	1657	1517	1384	1317	2041	1941	5038	2316	2432	1288	6139	1504	1585	1369	2213	2891	1050	1520	1912	2290	1078	933	1267	2059	1897	1971	1510	1338	2220	3094	1086	1892	2293	779	5871	5678	1216	1788	2308	2302	1036	2116	2314	2014	1504	1878	2344	1909	1706	1438	1681	1673	1111	1909	964	1577	1041	6163	2022	2128	2556	3214	1471	1017	2705	2739	1590	1055	1436	1907	2053	1695	1590	2107	1702	1637	1091	2227	1449	2068	1844	2194	1305	1694	2337	2352	2187	1342	1838	2379	1823	1732	1927	2024	1562	1946	1797	1690	1562	1961	5360	1737	641	2218	2145	2064	1363	1635	1706	2202	2213	1566	1730	1858	1828	1749	1889	1576	1787	1649	2611	2314	1760	987	1668	1941	1934	2395	1768	1606	1782	1782	969	1826	1625	1875	1879	1814	1851	1200	1093	2388	1181	3164	1479	430	1971	1854	1859	767	1967	2166	1838	1492	971	1756	2616	1820	1794	1964	1803	2579	1957	2599	673	1815	2053	1936	756	1942	1639	2325	2789	1953	1578	2033	2377	1983	1781	1534	1534	1679	1858	2047	1783	1858	2123	607	1684	679	1928	2044	2360	2387	1152	804	2023	1985	1221	1314	1575	1917	1542	1968	2045	1710	2196	1454	2141	701	1798	2023	1686	2270	2599	1955	1128	1345	1046	867	1912	2101	1976	1718	2557	951	1713	2240	1887	1191	1499	2423	2167	1782	2335	1591	1841	2504	1807	2217	2320	1524	1112	2680	1938	1442	1643	2339	2653	2022	2259	2634	1612	928	2046	5655	1941	1041	933	1056	902	1059	515	1434	1184	1629	5921	1606	473	2368	2073	816	1645	1828	1851	1956	1496	2169	1539	2138	695	1111	628	664	1173	736	2187	2168	2018	1263	1147	1502	2169	967	2260	1880	788	1519	1596	5030	2008	1501	1990	1234	1011	1598	1769	1479	1677	1663	759	2180	1821	1245	1827	2092	1723	1909	1797	2220	1901	1708	1754	1654	1696	1449	1877	1709	2226	622	1642	1831	1684	2400	1445	1945	1683	1203	1654	1631	2130	1485	1873	1672	2261	1708	2604	2199	1524	1747	1934	2025	1790	1992	2163	2074	1655	1866	1174	1751	1997	2042	1696	1487
1933	3485	3465	3657	3217	3485	3359	2627	2641	1623	1164	3305	3879	3837	2973	3142	3553	3894	3700	3114	3097	2397	3493	1949	1685	6634	3053	1973	3235	3888	3325	3149	2978	2679	3350	3015	3708	1648	0	3383	3579	1104	1681	3549	2314	3398	6257	2375	3056	1493	2401	1177	1101	6983	2443	1409	1325	2980	1871	3446	2598	3553	1705	1716	3062	2594	2657	4325	3083	1989	2441	1241	1221	1218	751	1363	1340	4019	992	3182	1969	3019	746	1251	3484	2845	6246	3175	1260	3250	1693	3515	6303	765	2418	2898	2787	429	641	2058	3182	6279	3557	3673	2569	7380	2775	1137	1465	3483	4132	2320	2761	376	3560	1721	1192	2548	3329	3167	427	2781	2608	3490	4335	1825	3134	3563	1534	6544	6919	1475	3059	3578	3572	2306	3386	3584	3285	2774	3148	1875	3179	754	2708	2952	450	2350	3179	2229	2848	1300	7404	3293	3369	3797	4484	1142	1363	2468	2502	372	2325	2706	3148	3323	2981	2860	3349	2973	2907	1437	1758	2720	3338	3085	3436	1403	743	3607	1884	3457	2581	2979	3620	3093	3003	3169	3294	2703	3216	3067	738	2833	2556	6602	3007	1911	3488	1194	3334	2634	2905	2948	3443	3483	2837	3001	3128	3098	3020	3130	2818	3057	2919	2187	1363	3030	2258	2759	2440	983	2003	3039	2877	3053	3053	2240	3096	2716	3145	3150	3085	3121	2470	2364	1436	2451	4434	1242	1750	3242	379	3129	2049	3237	2245	3109	2583	2242	804	2379	3061	3036	3205	3073	2375	3199	2278	2161	3085	3323	3178	2027	3183	2730	2235	2454	3223	2668	3303	2140	3253	3022	2625	2625	2950	3129	3317	3024	3129	3393	1889	2954	1321	1200	3285	2262	2289	2422	1243	3264	3226	2311	2405	2634	3158	2632	3239	2829	2599	3466	2180	3382	2056	2629	3293	2927	1940	2362	3225	2398	2436	2316	2137	3183	3371	3217	2542	3798	2221	2954	3510	2671	2558	314	1955	3437	2566	3605	870	305	2035	2591	1748	3561	2308	2212	2443	1087	2713	2427	3610	2426	1172	3529	2397	2424	2198	3316	6897	2535	1814	2204	2326	2172	2329	1930	2704	1570	1140	6543	2390	1802	3638	2495	1906	2429	2440	2463	3197	2766	2017	2779	1987	1476	2381	1640	1591	2264	1717	2088	3438	1248	2502	2417	2752	3410	2237	3530	3150	1516	2789	2837	6271	3278	2771	3260	2325	1535	2868	2559	2025	2918	2453	1354	2066	3062	2336	3069	1941	2964	3150	2344	1895	3172	2498	3040	2893	2272	2233	3118	2285	2127	1852	253	3072	2825	3670	2432	3186	2953	2474	2274	2421	2013	2755	3114	950	3502	2255	2135	3440	2615	204	3204	3295	3060	3233	3434	3316	2202	3107	1913	2540	3238	3313	2480	2095
2021	2157	2385	2578	3017	2405	2279	1116	1130	3200	3187	2225	2800	2758	1012	2666	2474	2848	2621	2767	2688	1695	1305	3065	2169	6739	2501	3104	1047	3938	2537	600	908	953	456	1936	3810	2195	3398	0	2616	2803	2414	2469	2343	711	6363	1635	1977	2155	2266	3902	3086	7089	1681	2932	2467	1261	1971	3552	1568	2474	3046	3057	2855	2030	2092	3408	3133	1970	1576	2460	3397	2563	3477	2948	3055	4125	3371	2344	1951	2942	3471	3114	2405	2955	6352	2095	3073	2675	2836	2779	6409	3260	1363	3008	1711	3158	3090	2646	3232	6385	3273	3778	1525	7486	1754	3313	3096	2557	4295	1637	2704	3685	2597	2864	2660	1540	2646	979	3744	1703	1571	2427	4441	2082	3184	2429	2545	7218	7025	2635	1979	2672	2493	1598	2307	2505	2205	1697	2069	3104	2832	3480	2540	1872	3447	2752	2100	2157	2644	2769	7509	2195	2794	3881	2130	3257	2803	3151	3043	3363	1585	1862	3060	2244	1299	2507	2881	1267	1972	2877	3160	1650	2259	2973	2462	3091	3468	2528	3115	2669	2833	1090	3671	2796	1923	2810	2215	946	2137	2770	3463	2536	2048	6707	2641	1865	1689	3919	2006	1554	1826	2945	3141	2404	1757	2506	2818	2075	2481	2921	2855	2696	1840	3171	4088	2547	1928	1042	2118	3708	2956	2504	1797	2524	2524	1532	2720	1070	2590	2585	2493	2745	1851	1642	4161	1810	2758	3265	2390	2705	3627	2753	2450	2111	2343	2812	1271	1756	3529	2924	2994	3106	3212	2521	2886	3205	3115	2192	2533	2098	3022	1852	3174	1139	2502	3235	2218	1040	2590	2861	2279	3081	981	981	1870	2640	2604	3080	2640	2314	2290	1875	2494	3714	2917	2613	2640	1714	2619	3349	3310	1530	1624	1085	3242	989	2451	1110	1090	2387	3240	2834	2319	934	2332	2997	2830	3076	2146	1571	1249	1364	1651	2514	2292	3099	1016	3904	1417	2952	2745	1126	1786	3273	2967	2650	1091	2817	3364	3614	3088	1258	2961	2890	1258	1876	2968	3711	1891	1190	2692	2860	3796	2450	2863	1387	1713	2904	7002	2117	2827	1718	1840	1686	1844	2476	1625	2998	3415	7268	1179	2434	2558	2250	1943	1517	2004	2028	2812	1567	2773	2846	2743	2113	1651	2393	2429	1469	2594	2609	2650	3804	2888	1590	1196	2606	1410	2451	2598	2603	1243	2888	6377	2199	1225	2181	1431	2797	1789	1731	1888	2969	1524	2366	2587	2858	1443	3001	2697	3048	3209	1960	2824	2146	1795	1358	3295	2248	1350	2810	2261	2648	2583	3415	3123	874	2699	1594	3159	1874	1603	1831	1808	2534	1089	3164	3445	3346	1857	3267	2875	1140	3520	2124	2128	1981	3317	2354	3199	1833	3158	2960	1927	3289	1984	1414	1684
2604	1902	1158	978	1304	996	1722	2243	2251	3346	3382	477	1200	1158	2323	770	874	1174	1021	705	793	1842	2285	3164	2245	5137	784	4085	2302	2396	323	2217	2634	2509	2527	1218	2156	2270	3585	2638	0	2990	2711	1345	3196	2968	4761	1819	1303	2609	3221	4090	3319	5487	1930	3165	3016	3084	2497	1950	1678	1917	4027	4037	905	2985	3047	1605	1562	2545	1752	2891	3630	2919	3664	3181	3288	2523	3566	615	2579	876	3658	3347	546	1901	4750	1322	3306	766	3031	588	4807	3447	1650	1954	2019	3345	3277	3499	1697	4783	1560	2177	1884	5884	1718	3546	3329	157	2582	1821	1384	3872	142	3059	2893	1826	521	2233	3931	1703	1868	912	2803	2643	1663	986	2740	5616	5423	3177	1279	81	1721	1783	937	905	753	1697	693	4024	769	3667	1328	1155	3634	2135	1543	1837	947	3002	5908	726	866	2168	2940	3452	2998	4106	3998	3550	1770	1617	915	1103	2032	947	853	2039	1313	3072	4141	1952	789	827	439	3286	3655	910	4043	396	1943	2175	2129	778	1150	1082	1098	1899	908	800	3650	981	3093	5106	957	1950	2064	4106	1814	1317	948	1678	1439	1667	1412	1016	776	1172	1035	1201	1267	735	1176	4068	4275	873	1813	2033	3073	3895	3853	902	1452	851	851	1716	696	2029	794	789	819	671	1817	1827	4349	1798	2798	3460	2466	627	3815	663	2015	1496	3298	794	2125	1992	3717	3879	1281	1142	882	772	3841	876	4057	2065	831	1676	1308	2036	1460	2129	3457	4190	1586	2183	467	3834	783	1368	2137	2137	1214	740	481	944	740	1757	2116	1530	2640	3909	582	3568	3595	1962	2765	1636	1641	2386	2480	2202	1610	2145	352	2933	2337	787	3435	499	2122	2425	726	1210	3727	4056	838	1756	2342	1548	1835	628	926	936	2345	2302	1601	1654	410	2795	2056	3460	3930	200	2633	312	3551	3801	3985	2715	3858	469	2450	2382	3923	3898	1502	2552	161	3815	3983	1666	3818	2579	1897	641	5401	3072	3022	1902	2024	1871	2028	2551	1387	3144	3610	5666	2514	2510	2001	3205	2565	2776	2960	2983	919	1847	3626	1696	3596	2567	1825	2588	2624	2380	2761	3564	316	3999	2097	1800	2098	809	1594	747	754	2749	2021	1547	4775	1481	2003	1463	2328	2992	1440	2901	2904	1388	2714	2719	3542	1145	2339	1288	3550	1417	1496	2990	3677	1565	2840	2091	2346	3154	2581	1097	3166	3603	2658	3602	1552	2020	221	2577	1446	1156	1728	2786	2763	3489	1822	1643	3632	1633	2812	4248	1126	2248	3707	1567	1668	1263	1649	1772	1486	2848	1637	3127	2883	1768	1765	2547	2680
NODE_COORD_SECTION
1	3907	7843
2	4223	6727
3	3863	6018
4	3413	5852
5	2810	5806
6	3724	5903
7	4377	6296
8	4292	7958
9	4124	7930
10	3153	8388
11	3266	8098
12	3454	6214
13	3471	5489
14	3362	5718
15	4227	7874
16	3313	6389
17	3516	5881
18	3374	5232
19	3385	5356
20	3487	6491
21	3565	6473
22	4020	7251
23	4228	7303
24	3403	7655
25	3607	7651
26	53	920
27	3661	6495
28	4367	10171
29	4635	7359
30	2745	6154
31	3438	6376
32	4370	7566
33	4489	7946
34	4324	8082
35	4450	7801
36	3718	6306
37	2501	5736
38	3286	7533
39	3279	8831
40	4428	7812
41	3656	6207
DEMAND_SECTION
1	0
2	7
3	17
4	4
5	6
6	4
7	8
8	5
9	3
10	7
11	12
12	6
13	6
14	7
15	10
16	5
17	4
18	5
19	4
20	5
21	3
22	6
23	5
24	4
25	5
26	7
27	5
28	5
29	6
30	7
31	4
32	6
33	5
34	4
35	4
36	3
37	10
38	5
39	8
40	6
41	4
DEPOT_SECTION
1
-1
SERVICE_TIME_SECTION
1	0
2	540
3	960
4	360
5	360
6	420
7	480
8	600
9	480
10	420
11	720
12	360
13	420
14	420
15	600
16	420
17	360
18	300
19	540
20	420
21	240
22	420
23	420
24	360
25	300
26	420
27	420
28	300
29	780
30	600
31	240
32	360
33	300
34	360
35	420
36	360
37	780
38	540
39	660
40	600
41	240
TIME_WINDOW_SECTION
1	0	45000
2	5400	12300
3	12600	19500
4	12600	19500
5	23400	30300
6	9000	15900
7	10800	29700
8	12600	19500
9	10800	30300
10	12600	19500
11	12600	19500
12	23400	30300
13	23400	30300
14	19800	26700
15	12600	19500
16	14400	33300
17	9000	15900
18	12600	19500
19	16200	23100
20	12600	19500
21	12600	19500
22	9000	15900
23	10800	30300
24	9000	18900
25	9000	19500
26	10800	29700
27	23400	29700
28	23400	30300
29	12600	19500
30	9000	15900
31	5400	12300
32	19800	26700
33	19800	26700
34	9000	19500
35	12600	19500
36	19800	26100
37	19800	26700
38	10800	30300
39	12600	19500
40	23400	30300
41	9000	15900
EOF
